bysort POLGK: tab  ek HVM_DIFF [iw=W_GEW] if  einkauf_per==1, col row
2000
        ek |    zu Fuß    Fahrrad  Pkw (Mitf  Pkw (Fahr       ÖPNV |     Total
-----------+-------------------------------------------------------+----------
        .5 | 13.950207  5.1168597  1.1316501  4.5466637          0 | 24.745381 
           |     56.37      20.68       4.57      18.37       0.00 |    100.00 
           |     57.08      31.23       3.02       2.83       0.00 |     10.27 
-----------+-------------------------------------------------------+----------
         1 |6.45853567  2.8979247          0   9.990942          0 |19.3474024 
           |     33.38      14.98       0.00      51.64       0.00 |    100.00 
           |     26.43      17.68       0.00       6.22       0.00 |      8.03 
-----------+-------------------------------------------------------+----------
         2 | 2.6812774  6.2375414  2.7244751  18.571434          0 | 30.214728 
           |      8.87      20.64       9.02      61.46       0.00 |    100.00 
           |     10.97      38.06       7.28      11.57       0.00 |     12.54 
-----------+-------------------------------------------------------+----------
         5 | 1.3493536  .92978862  8.2330812  37.677149  1.8083291 | 49.997701 
           |      2.70       1.86      16.47      75.36       3.62 |    100.00 
           |      5.52       5.67      22.01      23.48      79.03 |     20.74 
-----------+-------------------------------------------------------+----------
        10 |         0  1.2048468  15.521838  51.205844   .4798495 | 68.412378 
           |      0.00       1.76      22.69      74.85       0.70 |    100.00 
           |      0.00       7.35      41.49      31.90      20.97 |     28.38 
-----------+-------------------------------------------------------+----------
        25 |         0          0  8.3098424  31.183415          0 |39.4932571 
           |      0.00       0.00      21.04      78.96       0.00 |    100.00 
           |      0.00       0.00      22.21      19.43       0.00 |     16.39 
-----------+-------------------------------------------------------+----------
        50 |         0          0  1.4916756  7.3227251          0 | 8.8144007 
           |      0.00       0.00      16.92      83.08       0.00 |    100.00 
           |      0.00       0.00       3.99       4.56       0.00 |      3.66 
-----------+-------------------------------------------------------+----------
     Total | 24.439374  16.386961  37.412562  160.49817  2.2881786 | 241.02525 
           |     10.14       6.80      15.52      66.59       0.95 |    100.00 
           |    100.00     100.00     100.00     100.00     100.00 |    100.00 

5000
        ek |    zu Fuß    Fahrrad   Motorrad  Pkw (Mitf  Pkw (Fahr       ÖPNV |     Total
-----------+------------------------------------------------------------------+----------
        .5 | 18.163854  5.6145895  .71971041          0  5.4607866          0 | 29.958941 
           |     60.63      18.74       2.40       0.00      18.23       0.00 |    100.00 
           |     60.17      17.19      38.18       0.00       3.51       0.00 |     11.81 
-----------+------------------------------------------------------------------+----------
         1 | 6.9569307   10.99213          0  3.1364931   19.97361          0 | 41.059164 
           |     16.94      26.77       0.00       7.64      48.65       0.00 |    100.00 
           |     23.05      33.65       0.00       9.85      12.83       0.00 |     16.19 
-----------+------------------------------------------------------------------+----------
         2 | 4.1952049  9.9115196          0  3.6238918  28.052052          0 | 45.782668 
           |      9.16      21.65       0.00       7.92      61.27       0.00 |    100.00 
           |     13.90      30.34       0.00      11.38      18.03       0.00 |     18.05 
-----------+------------------------------------------------------------------+----------
         5 | .86942701  4.3300769  .69232895  8.0254312  48.908655          0 | 62.825919 
           |      1.38       6.89       1.10      12.77      77.85       0.00 |    100.00 
           |      2.88      13.26      36.73      25.21      31.43       0.00 |     24.77 
-----------+------------------------------------------------------------------+----------
        10 |         0 1.81686736  .23653339  9.0430309  30.909309  .30529649 | 42.311037 
           |      0.00       4.29       0.56      21.37      73.05       0.72 |    100.00 
           |      0.00       5.56      12.55      28.41      19.86      21.05 |     16.68 
-----------+------------------------------------------------------------------+----------
        25 |         0          0  .23653339  7.6334401  19.794932   1.144989 |28.8098949 
           |      0.00       0.00       0.82      26.50      68.71       3.97 |    100.00 
           |      0.00       0.00      12.55      23.98      12.72      78.95 |     11.36 
-----------+------------------------------------------------------------------+----------
        50 |         0          0          0  .36949394  1.3449672          0 | 1.7144611 
           |      0.00       0.00       0.00      21.55      78.45       0.00 |    100.00 
           |      0.00       0.00       0.00       1.16       0.86       0.00 |      0.68 
-----------+------------------------------------------------------------------+----------
        51 |         0          0          0          0  1.1756204          0 | 1.1756204 
           |      0.00       0.00       0.00       0.00     100.00       0.00 |    100.00 
           |      0.00       0.00       0.00       0.00       0.76       0.00 |      0.46 
-----------+------------------------------------------------------------------+----------
     Total | 30.185417  32.665183  1.8851061  31.831781  155.61993  1.4502855 |  253.6377 
           |     11.90      12.88       0.74      12.55      61.36       0.57 |    100.00 
           |    100.00     100.00     100.00     100.00     100.00     100.00 |    100.00 

20000
        ek |    zu Fuß    Fahrrad   Motorrad  Pkw (Mitf  Pkw (Fahr        Lkw       ÖPNV |     Total
-----------+-----------------------------------------------------------------------------+----------
        .5 |  99.28988  29.607921          0  2.1252268  23.539792          0  2.0344801 |  156.5973 
           |     63.40      18.91       0.00       1.36      15.03       0.00       1.30 |    100.00 
           |     59.35      32.70       0.00       4.50       7.30       0.00      17.15 |     24.45 
-----------+-----------------------------------------------------------------------------+----------
         1 | 35.635203  25.812751          0  9.9631236  47.997001          0          0 |119.408078 
           |     29.84      21.62       0.00       8.34      40.20       0.00       0.00 |    100.00 
           |     21.30      28.51       0.00      21.08      14.89       0.00       0.00 |     18.64 
-----------+-----------------------------------------------------------------------------+----------
         2 | 27.384404  23.595482          0  7.4457408  80.474787          0  2.6252821 |  141.5257 
           |     19.35      16.67       0.00       5.26      56.86       0.00       1.85 |    100.00 
           |     16.37      26.06       0.00      15.76      24.96       0.00      22.13 |     22.10 
-----------+-----------------------------------------------------------------------------+----------
         5 | 4.9856598  10.430134          0  11.917844  94.662191  .91776392  1.6675728 | 124.58117 
           |      4.00       8.37       0.00       9.57      75.98       0.74       1.34 |    100.00 
           |      2.98      11.52       0.00      25.22      29.36     100.00      14.05 |     19.45 
-----------+-----------------------------------------------------------------------------+----------
        10 |         0  .68807501  .18394473  9.4378466  42.540569          0          0 | 52.850435 
           |      0.00       1.30       0.35      17.86      80.49       0.00       0.00 |    100.00 
           |      0.00       0.76     100.00      19.97      13.19       0.00       0.00 |      8.25 
-----------+-----------------------------------------------------------------------------+----------
        25 |         0  .41095244          0   4.185376 26.5410822          0  4.2865379 | 35.423949 
           |      0.00       1.16       0.00      11.82      74.92       0.00      12.10 |    100.00 
           |      0.00       0.45       0.00       8.86       8.23       0.00      36.13 |      5.53 
-----------+-----------------------------------------------------------------------------+----------
        50 |         0          0          0          0 5.53491426          0  1.2513796 | 6.7862938 
           |      0.00       0.00       0.00       0.00      81.56       0.00      18.44 |    100.00 
           |      0.00       0.00       0.00       0.00       1.72       0.00      10.55 |      1.06 
-----------+-----------------------------------------------------------------------------+----------
        51 |         0          0          0 2.18416577 1.14637517          0          0 | 3.3305409 
           |      0.00       0.00       0.00      65.58      34.42       0.00       0.00 |    100.00 
           |      0.00       0.00       0.00       4.62       0.36       0.00       0.00 |      0.52 
-----------+-----------------------------------------------------------------------------+----------
     Total | 167.29515 90.5453153  .18394473  47.259324  322.43671  .91776392  11.865253 | 640.50346 
           |     26.12      14.14       0.03       7.38      50.34       0.14       1.85 |    100.00 
           |    100.00     100.00     100.00     100.00     100.00     100.00     100.00 |    100.00 

50000
        ek |    zu Fuß    Fahrrad  Pkw (Mitf  Pkw (Fahr       ÖPNV |     Total
-----------+-------------------------------------------------------+----------
        .5 |34.3451934  6.9297013   2.948282  13.138518          0 | 57.361694 
           |     59.87      12.08       5.14      22.90       0.00 |    100.00 
           |     46.83      13.90       7.90       8.58       0.00 |     17.56 
-----------+-------------------------------------------------------+----------
         1 | 18.170421  16.859265  3.0765404 13.1240623          0 |51.2302888 
           |     35.47      32.91       6.01      25.62       0.00 |    100.00 
           |     24.78      33.83       8.25       8.58       0.00 |     15.68 
-----------+-------------------------------------------------------+----------
         2 | 15.411676  13.385022  13.218265 37.0806885   3.387645 | 82.483296 
           |     18.68      16.23      16.03      44.96       4.11 |    100.00 
           |     21.01      26.86      35.43      24.23      25.68 |     25.25 
-----------+-------------------------------------------------------+----------
         5 | 4.7377049  8.8910122  9.4871933  64.994286  3.9063162 | 92.016512 
           |      5.15       9.66      10.31      70.63       4.25 |    100.00 
           |      6.46      17.84      25.43      42.47      29.61 |     28.16 
-----------+-------------------------------------------------------+----------
        10 |         0  3.7745124  8.1512338   17.39911  3.6543312 | 32.979188 
           |      0.00      11.45      24.72      52.76      11.08 |    100.00 
           |      0.00       7.57      21.85      11.37      27.70 |     10.09 
-----------+-------------------------------------------------------+----------
        25 |.674754401          0  .42207328  5.1456644  .70480003 |6.94729214 
           |      9.71       0.00       6.08      74.07      10.14 |    100.00 
           |      0.92       0.00       1.13       3.36       5.34 |      2.13 
-----------+-------------------------------------------------------+----------
        50 |         0          0          0 2.16159699  1.5396973 | 3.7012943 
           |      0.00       0.00       0.00      58.40      41.60 |    100.00 
           |      0.00       0.00       0.00       1.41      11.67 |      1.13 
-----------+-------------------------------------------------------+----------
     Total |  73.33975 49.8395123  37.303588  153.04393   13.19279 | 326.71957 
           |     22.45      15.25      11.42      46.84       4.04 |    100.00 
           |    100.00     100.00     100.00     100.00     100.00 |    100.00 

100000
        ek |    zu Fuß    Fahrrad  Pkw (Mitf  Pkw (Fahr       ÖPNV |     Total
-----------+-------------------------------------------------------+----------
        .5 |17.5775862  4.2634716          0  1.8541502          0 | 23.695208 
           |     74.18      17.99       0.00       7.83       0.00 |    100.00 
           |     58.95      17.53       0.00       4.29       0.00 |     21.59 
-----------+-------------------------------------------------------+----------
         1 |  6.634881  9.9726338          0  6.3575361          0 | 22.965051 
           |     28.89      43.43       0.00      27.68       0.00 |    100.00 
           |     22.25      41.00       0.00      14.70       0.00 |     20.93 
-----------+-------------------------------------------------------+----------
         2 | 3.0265839  3.5302973  3.3865215  10.938107  1.2822297 | 22.163739 
           |     13.66      15.93      15.28      49.35       5.79 |    100.00 
           |     10.15      14.51      46.60      25.30      25.16 |     20.20 
-----------+-------------------------------------------------------+----------
         5 | 2.5762374  6.1270484  3.2845899  14.815915  3.8132551 | 30.617046 
           |      8.41      20.01      10.73      48.39      12.45 |    100.00 
           |      8.64      25.19      45.20      34.27      74.84 |     27.90 
-----------+-------------------------------------------------------+----------
        10 |         0  .43189331          0   5.803663          0 | 6.2355563 
           |      0.00       6.93       0.00      93.07       0.00 |    100.00 
           |      0.00       1.78       0.00      13.42       0.00 |      5.68 
-----------+-------------------------------------------------------+----------
        25 |         0          0  .59542104  1.0789789          0 | 1.6743999 
           |      0.00       0.00      35.56      64.44       0.00 |    100.00 
           |      0.00       0.00       8.19       2.50       0.00 |      1.53 
-----------+-------------------------------------------------------+----------
        50 |         0          0          0  .56195663          0 | .56195663 
           |      0.00       0.00       0.00     100.00       0.00 |    100.00 
           |      0.00       0.00       0.00       1.30       0.00 |      0.51 
-----------+-------------------------------------------------------+----------
        51 |         0          0          0  1.8249921          0 | 1.8249921 
           |      0.00       0.00       0.00     100.00       0.00 |    100.00 
           |      0.00       0.00       0.00       4.22       0.00 |      1.66 
-----------+-------------------------------------------------------+----------
     Total | 29.815288 24.3253444 7.26653241  43.235299  5.0954848 | 109.73795 
           |     27.17      22.17       6.62      39.40       4.64 |    100.00 
           |    100.00     100.00     100.00     100.00     100.00 |    100.00 
500000
        ek |    zu Fuß    Fahrrad  Mofa | Mo  Pkw (Mitf  Pkw (Fahr       ÖPNV  sonstiges |     Total
-----------+-----------------------------------------------------------------------------+----------
        .5 | 395.36633  49.918146          0  21.378168  20.630792  3.0880267          0 | 490.38146 
           |     80.62      10.18       0.00       4.36       4.21       0.63       0.00 |    100.00 
           |     60.25      23.77       0.00      12.97       4.01       3.38       0.00 |     29.80 
-----------+-----------------------------------------------------------------------------+----------
         1 | 174.44586  60.244223          0   22.85382  53.249876  2.7340365  5.3008319 | 318.82865 
           |     54.71      18.90       0.00       7.17      16.70       0.86       1.66 |    100.00 
           |     26.58      28.69       0.00      13.87      10.34       2.99     100.00 |     19.38 
-----------+-----------------------------------------------------------------------------+----------
         2 | 68.680504  43.278906  .64128598  24.480577  124.78945  14.912305          0 | 276.78303 
           |     24.81      15.64       0.23       8.84      45.09       5.39       0.00 |    100.00 
           |     10.47      20.61      21.28      14.86      24.24      16.33       0.00 |     16.82 
-----------+-----------------------------------------------------------------------------+----------
         5 | 17.738767  40.961076          0  64.773665  184.98582  26.916356          0 | 335.37569 
           |      5.29      12.21       0.00      19.31      55.16       8.03       0.00 |    100.00 
           |      2.70      19.51       0.00      39.31      35.93      29.47       0.00 |     20.38 
-----------+-----------------------------------------------------------------------------+----------
        10 |         0  13.676465          0  17.467725  89.445205  22.439953          0 | 143.02935 
           |      0.00       9.56       0.00      12.21      62.54      15.69       0.00 |    100.00 
           |      0.00       6.51       0.00      10.60      17.37      24.57       0.00 |      8.69 
-----------+-----------------------------------------------------------------------------+----------
        25 |         0  1.8876066  2.3727228  13.028007  39.838038  19.418398          0 | 76.544773 
           |      0.00       2.47       3.10      17.02      52.05      25.37       0.00 |    100.00 
           |      0.00       0.90      78.72       7.91       7.74      21.26       0.00 |      4.65 
-----------+-----------------------------------------------------------------------------+----------
        50 |         0          0          0  .78528588 1.89155869   .6448222          0 | 3.3216668 
           |      0.00       0.00       0.00      23.64      56.95      19.41       0.00 |    100.00 
           |      0.00       0.00       0.00       0.48       0.37       0.71       0.00 |      0.20 
-----------+-----------------------------------------------------------------------------+----------
        51 |         0          0          0          0          0   1.176457          0 |  1.176457 
           |      0.00       0.00       0.00       0.00       0.00     100.00       0.00 |    100.00 
           |      0.00       0.00       0.00       0.00       0.00       1.29       0.00 |      0.07 
-----------+-----------------------------------------------------------------------------+----------
     Total | 656.23146  209.96642  3.0140088  164.76725  514.83074  91.330354  5.3008319 | 1,645.441 
           |     39.88      12.76       0.18      10.01      31.29       5.55       0.32 |    100.00 
           |    100.00     100.00     100.00     100.00     100.00     100.00     100.00 |    100.00 


------------------------------------------------------------------------------------
bysort ek: tab POLGK  HVM_DIFF [iw=W_GEW] if  einkauf_per==1, row

-> ek = .5

+----------------+
| Key            |
|----------------|
|   frequency    |
| row percentage |
+----------------+

           politische |                Hauptverkehrsmittel (differenziert)
 Gemeindegrößenklasse |    zu Fuß    Fahrrad   Motorrad  Pkw (Mitf  Pkw (Fahr       ÖPNV |     Total
----------------------+------------------------------------------------------------------+----------
    unter 2.000 Einw. | 13.950207  5.1168597          0  1.1316501  4.5466637          0 | 24.745381 
                      |     56.37      20.68       0.00       4.57      18.37       0.00 |    100.00 
----------------------+------------------------------------------------------------------+----------
2.000 bis unter 5.000 | 18.163854  5.6145895  .71971041          0  5.4607866          0 | 29.958941 
                      |     60.63      18.74       2.40       0.00      18.23       0.00 |    100.00 
----------------------+------------------------------------------------------------------+----------
5.000 bis unter 20.00 |  99.28988  29.607921          0  2.1252268  23.539792  2.0344801 |  156.5973 
                      |     63.40      18.91       0.00       1.36      15.03       1.30 |    100.00 
----------------------+------------------------------------------------------------------+----------
20.000 bis unter 50.0 |34.3451934  6.9297013          0   2.948282  13.138518          0 | 57.361694 
                      |     59.87      12.08       0.00       5.14      22.90       0.00 |    100.00 
----------------------+------------------------------------------------------------------+----------
50.000 bis unter 100. |17.5775862  4.2634716          0          0  1.8541502          0 | 23.695208 
                      |     74.18      17.99       0.00       0.00       7.83       0.00 |    100.00 
----------------------+------------------------------------------------------------------+----------
500.000 und mehr Einw | 395.36633  49.918146          0  21.378168  20.630792  3.0880267 | 490.38146 
                      |     80.62      10.18       0.00       4.36       4.21       0.63 |    100.00 
----------------------+------------------------------------------------------------------+----------
                Total | 578.69305  101.45069  .71971041  27.583327  69.170702  5.1225069 | 782.73999 
                      |     73.93      12.96       0.09       3.52       8.84       0.65 |    100.00 


---------------------------------------------------------------------------------------------------------------------------------------
-> ek = 1

+----------------+
| Key            |
|----------------|
|   frequency    |
| row percentage |
+----------------+

           politische |                Hauptverkehrsmittel (differenziert)
 Gemeindegrößenklasse |    zu Fuß    Fahrrad  Pkw (Mitf  Pkw (Fahr       ÖPNV  sonstiges |     Total
----------------------+------------------------------------------------------------------+----------
    unter 2.000 Einw. |6.45853567  2.8979247          0   9.990942          0          0 |19.3474024 
                      |     33.38      14.98       0.00      51.64       0.00       0.00 |    100.00 
----------------------+------------------------------------------------------------------+----------
2.000 bis unter 5.000 | 6.9569307   10.99213  3.1364931   19.97361          0          0 | 41.059164 
                      |     16.94      26.77       7.64      48.65       0.00       0.00 |    100.00 
----------------------+------------------------------------------------------------------+----------
5.000 bis unter 20.00 | 35.635203  25.812751  9.9631236  47.997001          0          0 |119.408078 
                      |     29.84      21.62       8.34      40.20       0.00       0.00 |    100.00 
----------------------+------------------------------------------------------------------+----------
20.000 bis unter 50.0 | 18.170421  16.859265  3.0765404 13.1240623          0          0 |51.2302888 
                      |     35.47      32.91       6.01      25.62       0.00       0.00 |    100.00 
----------------------+------------------------------------------------------------------+----------
50.000 bis unter 100. |  6.634881  9.9726338          0  6.3575361          0          0 | 22.965051 
                      |     28.89      43.43       0.00      27.68       0.00       0.00 |    100.00 
----------------------+------------------------------------------------------------------+----------
500.000 und mehr Einw | 174.44586  60.244223   22.85382  53.249876  2.7340365  5.3008319 | 318.82865 
                      |     54.71      18.90       7.17      16.70       0.86       1.66 |    100.00 
----------------------+------------------------------------------------------------------+----------
                Total | 248.30183  126.77893  39.029977  150.69303  2.7340365  5.3008319 | 572.83863 
                      |     43.35      22.13       6.81      26.31       0.48       0.93 |    100.00 


---------------------------------------------------------------------------------------------------------------------------------------
-> ek = 2

+----------------+
| Key            |
|----------------|
|   frequency    |
| row percentage |
+----------------+

           politische |                Hauptverkehrsmittel (differenziert)
 Gemeindegrößenklasse |    zu Fuß    Fahrrad  Mofa | Mo  Pkw (Mitf  Pkw (Fahr       ÖPNV |     Total
----------------------+------------------------------------------------------------------+----------
    unter 2.000 Einw. | 2.6812774  6.2375414          0  2.7244751  18.571434          0 | 30.214728 
                      |      8.87      20.64       0.00       9.02      61.46       0.00 |    100.00 
----------------------+------------------------------------------------------------------+----------
2.000 bis unter 5.000 | 4.1952049  9.9115196          0  3.6238918  28.052052          0 | 45.782668 
                      |      9.16      21.65       0.00       7.92      61.27       0.00 |    100.00 
----------------------+------------------------------------------------------------------+----------
5.000 bis unter 20.00 | 27.384404  23.595482          0  7.4457408  80.474787  2.6252821 |  141.5257 
                      |     19.35      16.67       0.00       5.26      56.86       1.85 |    100.00 
----------------------+------------------------------------------------------------------+----------
20.000 bis unter 50.0 | 15.411676  13.385022          0  13.218265 37.0806885   3.387645 | 82.483296 
                      |     18.68      16.23       0.00      16.03      44.96       4.11 |    100.00 
----------------------+------------------------------------------------------------------+----------
50.000 bis unter 100. | 3.0265839  3.5302973          0  3.3865215  10.938107  1.2822297 | 22.163739 
                      |     13.66      15.93       0.00      15.28      49.35       5.79 |    100.00 
----------------------+------------------------------------------------------------------+----------
500.000 und mehr Einw | 68.680504  43.278906  .64128598  24.480577  124.78945  14.912305 | 276.78303 
                      |     24.81      15.64       0.23       8.84      45.09       5.39 |    100.00 
----------------------+------------------------------------------------------------------+----------
                Total | 121.37965  99.938768  .64128598  54.879472  299.90652  22.207461 | 598.95316 
                      |     20.27      16.69       0.11       9.16      50.07       3.71 |    100.00 


---------------------------------------------------------------------------------------------------------------------------------------
-> ek = 5

+----------------+
| Key            |
|----------------|
|   frequency    |
| row percentage |
+----------------+

           politische |                     Hauptverkehrsmittel (differenziert)
 Gemeindegrößenklasse |    zu Fuß    Fahrrad   Motorrad  Pkw (Mitf  Pkw (Fahr        Lkw       ÖPNV |     Total
----------------------+-----------------------------------------------------------------------------+----------
    unter 2.000 Einw. | 1.3493536  .92978862          0  8.2330812  37.677149          0  1.8083291 | 49.997701 
                      |      2.70       1.86       0.00      16.47      75.36       0.00       3.62 |    100.00 
----------------------+-----------------------------------------------------------------------------+----------
2.000 bis unter 5.000 | .86942701  4.3300769  .69232895  8.0254312  48.908655          0          0 | 62.825919 
                      |      1.38       6.89       1.10      12.77      77.85       0.00       0.00 |    100.00 
----------------------+-----------------------------------------------------------------------------+----------
5.000 bis unter 20.00 | 4.9856598  10.430134          0  11.917844  94.662191  .91776392  1.6675728 | 124.58117 
                      |      4.00       8.37       0.00       9.57      75.98       0.74       1.34 |    100.00 
----------------------+-----------------------------------------------------------------------------+----------
20.000 bis unter 50.0 | 4.7377049  8.8910122          0  9.4871933  64.994286          0  3.9063162 | 92.016512 
                      |      5.15       9.66       0.00      10.31      70.63       0.00       4.25 |    100.00 
----------------------+-----------------------------------------------------------------------------+----------
50.000 bis unter 100. | 2.5762374  6.1270484          0  3.2845899  14.815915          0  3.8132551 | 30.617046 
                      |      8.41      20.01       0.00      10.73      48.39       0.00      12.45 |    100.00 
----------------------+-----------------------------------------------------------------------------+----------
500.000 und mehr Einw | 17.738767  40.961076          0  64.773665  184.98582          0  26.916356 | 335.37569 
                      |      5.29      12.21       0.00      19.31      55.16       0.00       8.03 |    100.00 
----------------------+-----------------------------------------------------------------------------+----------
                Total |  32.25715  71.669135  .69232895 105.721805  446.04402  .91776392  38.111829 | 695.41403 
                      |      4.64      10.31       0.10      15.20      64.14       0.13       5.48 |    100.00 


---------------------------------------------------------------------------------------------------------------------------------------
-> ek = 10

+----------------+
| Key            |
|----------------|
|   frequency    |
| row percentage |
+----------------+

           politische |          Hauptverkehrsmittel (differenziert)
 Gemeindegrößenklasse |   Fahrrad   Motorrad  Pkw (Mitf  Pkw (Fahr       ÖPNV |     Total
----------------------+-------------------------------------------------------+----------
    unter 2.000 Einw. | 1.2048468          0  15.521838  51.205844   .4798495 | 68.412378 
                      |      1.76       0.00      22.69      74.85       0.70 |    100.00 
----------------------+-------------------------------------------------------+----------
2.000 bis unter 5.000 |1.81686736  .23653339  9.0430309  30.909309  .30529649 | 42.311037 
                      |      4.29       0.56      21.37      73.05       0.72 |    100.00 
----------------------+-------------------------------------------------------+----------
5.000 bis unter 20.00 | .68807501  .18394473  9.4378466  42.540569          0 | 52.850435 
                      |      1.30       0.35      17.86      80.49       0.00 |    100.00 
----------------------+-------------------------------------------------------+----------
20.000 bis unter 50.0 | 3.7745124          0  8.1512338   17.39911  3.6543312 | 32.979188 
                      |     11.45       0.00      24.72      52.76      11.08 |    100.00 
----------------------+-------------------------------------------------------+----------
50.000 bis unter 100. | .43189331          0          0   5.803663          0 | 6.2355563 
                      |      6.93       0.00       0.00      93.07       0.00 |    100.00 
----------------------+-------------------------------------------------------+----------
500.000 und mehr Einw | 13.676465          0  17.467725  89.445205  22.439953 | 143.02935 
                      |      9.56       0.00      12.21      62.54      15.69 |    100.00 
----------------------+-------------------------------------------------------+----------
                Total |  21.59266  .42047812  59.621674   237.3037   26.87943 | 345.81794 
                      |      6.24       0.12      17.24      68.62       7.77 |    100.00 


---------------------------------------------------------------------------------------------------------------------------------------
-> ek = 25

+----------------+
| Key            |
|----------------|
|   frequency    |
| row percentage |
+----------------+

           politische |                     Hauptverkehrsmittel (differenziert)
 Gemeindegrößenklasse |    zu Fuß    Fahrrad  Mofa | Mo   Motorrad  Pkw (Mitf  Pkw (Fahr       ÖPNV |     Total
----------------------+-----------------------------------------------------------------------------+----------
    unter 2.000 Einw. |         0          0          0          0  8.3098424  31.183415          0 |39.4932571 
                      |      0.00       0.00       0.00       0.00      21.04      78.96       0.00 |    100.00 
----------------------+-----------------------------------------------------------------------------+----------
2.000 bis unter 5.000 |         0          0          0  .23653339  7.6334401  19.794932   1.144989 |28.8098949 
                      |      0.00       0.00       0.00       0.82      26.50      68.71       3.97 |    100.00 
----------------------+-----------------------------------------------------------------------------+----------
5.000 bis unter 20.00 |         0  .41095244          0          0   4.185376 26.5410822  4.2865379 | 35.423949 
                      |      0.00       1.16       0.00       0.00      11.82      74.92      12.10 |    100.00 
----------------------+-----------------------------------------------------------------------------+----------
20.000 bis unter 50.0 |.674754401          0          0          0  .42207328  5.1456644  .70480003 |6.94729214 
                      |      9.71       0.00       0.00       0.00       6.08      74.07      10.14 |    100.00 
----------------------+-----------------------------------------------------------------------------+----------
50.000 bis unter 100. |         0          0          0          0  .59542104  1.0789789          0 | 1.6743999 
                      |      0.00       0.00       0.00       0.00      35.56      64.44       0.00 |    100.00 
----------------------+-----------------------------------------------------------------------------+----------
500.000 und mehr Einw |         0  1.8876066  2.3727228          0  13.028007  39.838038  19.418398 | 76.544773 
                      |      0.00       2.47       3.10       0.00      17.02      52.05      25.37 |    100.00 
----------------------+-----------------------------------------------------------------------------+----------
                Total |.674754401   2.298559  2.3727228  .23653339   34.17416  123.58211  25.554725 | 188.89357 
                      |      0.36       1.22       1.26       0.13      18.09      65.42      13.53 |    100.00 


---------------------------------------------------------------------------------------------------------------------------------------
-> ek = 50

+----------------+
| Key            |
|----------------|
|   frequency    |
| row percentage |
+----------------+

                      |       Hauptverkehrsmittel
           politische |         (differenziert)
 Gemeindegrößenklasse | Pkw (Mitf  Pkw (Fahr       ÖPNV |     Total
----------------------+---------------------------------+----------
    unter 2.000 Einw. | 1.4916756  7.3227251          0 | 8.8144007 
                      |     16.92      83.08       0.00 |    100.00 
----------------------+---------------------------------+----------
2.000 bis unter 5.000 | .36949394  1.3449672          0 | 1.7144611 
                      |     21.55      78.45       0.00 |    100.00 
----------------------+---------------------------------+----------
5.000 bis unter 20.00 |         0 5.53491426  1.2513796 | 6.7862938 
                      |      0.00      81.56      18.44 |    100.00 
----------------------+---------------------------------+----------
20.000 bis unter 50.0 |         0 2.16159699  1.5396973 | 3.7012943 
                      |      0.00      58.40      41.60 |    100.00 
----------------------+---------------------------------+----------
50.000 bis unter 100. |         0  .56195663          0 | .56195663 
                      |      0.00     100.00       0.00 |    100.00 
----------------------+---------------------------------+----------
500.000 und mehr Einw | .78528588 1.89155869   .6448222 | 3.3216668 
                      |     23.64      56.95      19.41 |    100.00 
----------------------+---------------------------------+----------
                Total | 2.6464554  18.817719  3.4358991 | 24.900073 
                      |     10.63      75.57      13.80 |    100.00 


---------------------------------------------------------------------------------------------------------------------------------------
-> ek = 51

+----------------+
| Key            |
|----------------|
|   frequency    |
| row percentage |
+----------------+

                      |       Hauptverkehrsmittel
           politische |         (differenziert)
 Gemeindegrößenklasse | Pkw (Mitf  Pkw (Fahr       ÖPNV |     Total
----------------------+---------------------------------+----------
2.000 bis unter 5.000 |         0  1.1756204          0 | 1.1756204 
                      |      0.00     100.00       0.00 |    100.00 
----------------------+---------------------------------+----------
5.000 bis unter 20.00 |2.18416577 1.14637517          0 | 3.3305409 
                      |     65.58      34.42       0.00 |    100.00 
----------------------+---------------------------------+----------
50.000 bis unter 100. |         0  1.8249921          0 | 1.8249921 
                      |      0.00     100.00       0.00 |    100.00 
----------------------+---------------------------------+----------
500.000 und mehr Einw |         0          0   1.176457 |  1.176457 
                      |      0.00       0.00     100.00 |    100.00 
----------------------+---------------------------------+----------
                Total |2.18416577  4.1469877   1.176457 |7.50761041 
                      |     29.09      55.24      15.67 |    100.00 


---------------------------------------------------------------------------------------------------------------------------------------
-> ek = .

+----------------+
| Key            |
|----------------|
|   frequency    |
| row percentage |
+----------------+

           politische |          Hauptverkehrsmittel (differenziert)
 Gemeindegrößenklasse |    zu Fuß    Fahrrad  Pkw (Mitf  Pkw (Fahr       ÖPNV |     Total
----------------------+-------------------------------------------------------+----------
    unter 2.000 Einw. |         0          0  1.5490579          0          0 | 1.5490579 
                      |      0.00       0.00     100.00       0.00       0.00 |    100.00 
----------------------+-------------------------------------------------------+----------
5.000 bis unter 20.00 | 1.4810843  1.1120218          0          0          0 | 2.5931061 
                      |     57.12      42.88       0.00       0.00       0.00 |    100.00 
----------------------+-------------------------------------------------------+----------
20.000 bis unter 50.0 | 1.8493819  .75296339          0  .37813584  2.3644275 | 5.3449087 
                      |     34.60      14.09       0.00       7.07      44.24 |    100.00 
----------------------+-------------------------------------------------------+----------
500.000 und mehr Einw | 7.4705974          0          0  1.4377506  3.7329109 | 12.641259 
                      |     59.10       0.00       0.00      11.37      29.53 |    100.00 
----------------------+-------------------------------------------------------+----------
                Total | 10.801064  1.8649852  1.5490579  1.8158865  6.0973384 | 22.128332 
                      |     48.81       8.43       7.00       8.21      27.55 |    100.00 



. 


------------------------------------------------------------------------------------

bysort HVM_DIFF: tab ek POLGK   [iw=W_GEW] if  einkauf_per==1, col

-> HVM_DIFF = zu Fuß

+-------------------+
| Key               |
|-------------------|
|     frequency     |
| column percentage |
+-------------------+

           |                  politische Gemeindegrößenklasse
        ek | unter 2.0  2.000 bis  5.000 bis  20.000 bi  50.000 bi  500.000 u |     Total
-----------+------------------------------------------------------------------+----------
        .5 | 13.950207  18.163854   99.28988 34.3451934 17.5775862  395.36633 | 578.69305 
           |     57.08      60.17      59.35      46.83      58.95      60.25 |     58.97 
-----------+------------------------------------------------------------------+----------
         1 |6.45853567  6.9569307  35.635203  18.170421   6.634881  174.44586 | 248.30183 
           |     26.43      23.05      21.30      24.78      22.25      26.58 |     25.30 
-----------+------------------------------------------------------------------+----------
         2 | 2.6812774  4.1952049  27.384404  15.411676  3.0265839  68.680504 | 121.37965 
           |     10.97      13.90      16.37      21.01      10.15      10.47 |     12.37 
-----------+------------------------------------------------------------------+----------
         5 | 1.3493536  .86942701  4.9856598  4.7377049  2.5762374  17.738767 |  32.25715 
           |      5.52       2.88       2.98       6.46       8.64       2.70 |      3.29 
-----------+------------------------------------------------------------------+----------
        25 |         0          0          0 .674754401          0          0 |.674754401 
           |      0.00       0.00       0.00       0.92       0.00       0.00 |      0.07 
-----------+------------------------------------------------------------------+----------
     Total | 24.439374  30.185417  167.29515   73.33975  29.815288  656.23146 | 981.30644 
           |    100.00     100.00     100.00     100.00     100.00     100.00 |    100.00 


---------------------------------------------------------------------------------------------------------------------------------------
-> HVM_DIFF = Fahrrad

+-------------------+
| Key               |
|-------------------|
|     frequency     |
| column percentage |
+-------------------+

           |                  politische Gemeindegrößenklasse
        ek | unter 2.0  2.000 bis  5.000 bis  20.000 bi  50.000 bi  500.000 u |     Total
-----------+------------------------------------------------------------------+----------
        .5 | 5.1168597  5.6145895  29.607921  6.9297013  4.2634716  49.918146 | 101.45069 
           |     31.23      17.19      32.70      13.90      17.53      23.77 |     23.94 
-----------+------------------------------------------------------------------+----------
         1 | 2.8979247   10.99213  25.812751  16.859265  9.9726338  60.244223 | 126.77893 
           |     17.68      33.65      28.51      33.83      41.00      28.69 |     29.92 
-----------+------------------------------------------------------------------+----------
         2 | 6.2375414  9.9115196  23.595482  13.385022  3.5302973  43.278906 | 99.938768 
           |     38.06      30.34      26.06      26.86      14.51      20.61 |     23.59 
-----------+------------------------------------------------------------------+----------
         5 | .92978862  4.3300769  10.430134  8.8910122  6.1270484  40.961076 | 71.669135 
           |      5.67      13.26      11.52      17.84      25.19      19.51 |     16.91 
-----------+------------------------------------------------------------------+----------
        10 | 1.2048468 1.81686736  .68807501  3.7745124  .43189331  13.676465 |  21.59266 
           |      7.35       5.56       0.76       7.57       1.78       6.51 |      5.10 
-----------+------------------------------------------------------------------+----------
        25 |         0          0  .41095244          0          0  1.8876066 |  2.298559 
           |      0.00       0.00       0.45       0.00       0.00       0.90 |      0.54 
-----------+------------------------------------------------------------------+----------
     Total | 16.386961  32.665183 90.5453153 49.8395123 24.3253444  209.96642 | 423.72874 
           |    100.00     100.00     100.00     100.00     100.00     100.00 |    100.00 


---------------------------------------------------------------------------------------------------------------------------------------
-> HVM_DIFF = Mofa | Moped

+-------------------+
| Key               |
|-------------------|
|     frequency     |
| column percentage |
+-------------------+

           | politische
           | Gemeindegr
           | ößenklasse
        ek | 500.000 u |     Total
-----------+-----------+----------
         2 | .64128598 | .64128598 
           |     21.28 |     21.28 
-----------+-----------+----------
        25 | 2.3727228 | 2.3727228 
           |     78.72 |     78.72 
-----------+-----------+----------
     Total | 3.0140088 | 3.0140088 
           |    100.00 |    100.00 


---------------------------------------------------------------------------------------------------------------------------------------
-> HVM_DIFF = Motorrad

+-------------------+
| Key               |
|-------------------|
|     frequency     |
| column percentage |
+-------------------+

           |      politische
           | Gemeindegrößenklasse
        ek | 2.000 bis  5.000 bis |     Total
-----------+----------------------+----------
        .5 | .71971041          0 | .71971041 
           |     38.18       0.00 |     34.78 
-----------+----------------------+----------
         5 | .69232895          0 | .69232895 
           |     36.73       0.00 |     33.46 
-----------+----------------------+----------
        10 | .23653339  .18394473 | .42047812 
           |     12.55     100.00 |     20.32 
-----------+----------------------+----------
        25 | .23653339          0 | .23653339 
           |     12.55       0.00 |     11.43 
-----------+----------------------+----------
     Total | 1.8851061  .18394473 | 2.0690509 
           |    100.00     100.00 |    100.00 


---------------------------------------------------------------------------------------------------------------------------------------
-> HVM_DIFF = Pkw (Mitfahrer)

+-------------------+
| Key               |
|-------------------|
|     frequency     |
| column percentage |
+-------------------+

           |                  politische Gemeindegrößenklasse
        ek | unter 2.0  2.000 bis  5.000 bis  20.000 bi  50.000 bi  500.000 u |     Total
-----------+------------------------------------------------------------------+----------
        .5 | 1.1316501          0  2.1252268   2.948282          0  21.378168 | 27.583327 
           |      3.02       0.00       4.50       7.90       0.00      12.97 |      8.47 
-----------+------------------------------------------------------------------+----------
         1 |         0  3.1364931  9.9631236  3.0765404          0   22.85382 | 39.029977 
           |      0.00       9.85      21.08       8.25       0.00      13.87 |     11.98 
-----------+------------------------------------------------------------------+----------
         2 | 2.7244751  3.6238918  7.4457408  13.218265  3.3865215  24.480577 | 54.879472 
           |      7.28      11.38      15.76      35.43      46.60      14.86 |     16.84 
-----------+------------------------------------------------------------------+----------
         5 | 8.2330812  8.0254312  11.917844  9.4871933  3.2845899  64.773665 |105.721805 
           |     22.01      25.21      25.22      25.43      45.20      39.31 |     32.45 
-----------+------------------------------------------------------------------+----------
        10 | 15.521838  9.0430309  9.4378466  8.1512338          0  17.467725 | 59.621674 
           |     41.49      28.41      19.97      21.85       0.00      10.60 |     18.30 
-----------+------------------------------------------------------------------+----------
        25 | 8.3098424  7.6334401   4.185376  .42207328  .59542104  13.028007 |  34.17416 
           |     22.21      23.98       8.86       1.13       8.19       7.91 |     10.49 
-----------+------------------------------------------------------------------+----------
        50 | 1.4916756  .36949394          0          0          0  .78528588 | 2.6464554 
           |      3.99       1.16       0.00       0.00       0.00       0.48 |      0.81 
-----------+------------------------------------------------------------------+----------
        51 |         0          0 2.18416577          0          0          0 |2.18416577 
           |      0.00       0.00       4.62       0.00       0.00       0.00 |      0.67 
-----------+------------------------------------------------------------------+----------
     Total | 37.412562  31.831781  47.259324  37.303588 7.26653241  164.76725 |325.841035 
           |    100.00     100.00     100.00     100.00     100.00     100.00 |    100.00 


---------------------------------------------------------------------------------------------------------------------------------------
-> HVM_DIFF = Pkw (Fahrer)

+-------------------+
| Key               |
|-------------------|
|     frequency     |
| column percentage |
+-------------------+

           |                  politische Gemeindegrößenklasse
        ek | unter 2.0  2.000 bis  5.000 bis  20.000 bi  50.000 bi  500.000 u |     Total
-----------+------------------------------------------------------------------+----------
        .5 | 4.5466637  5.4607866  23.539792  13.138518  1.8541502  20.630792 | 69.170702 
           |      2.83       3.51       7.30       8.58       4.29       4.01 |      5.13 
-----------+------------------------------------------------------------------+----------
         1 |  9.990942   19.97361  47.997001 13.1240623  6.3575361  53.249876 | 150.69303 
           |      6.22      12.83      14.89       8.58      14.70      10.34 |     11.17 
-----------+------------------------------------------------------------------+----------
         2 | 18.571434  28.052052  80.474787 37.0806885  10.938107  124.78945 | 299.90652 
           |     11.57      18.03      24.96      24.23      25.30      24.24 |     22.22 
-----------+------------------------------------------------------------------+----------
         5 | 37.677149  48.908655  94.662191  64.994286  14.815915  184.98582 | 446.04402 
           |     23.48      31.43      29.36      42.47      34.27      35.93 |     33.05 
-----------+------------------------------------------------------------------+----------
        10 | 51.205844  30.909309  42.540569   17.39911   5.803663  89.445205 |  237.3037 
           |     31.90      19.86      13.19      11.37      13.42      17.37 |     17.58 
-----------+------------------------------------------------------------------+----------
        25 | 31.183415  19.794932 26.5410822  5.1456644  1.0789789  39.838038 | 123.58211 
           |     19.43      12.72       8.23       3.36       2.50       7.74 |      9.16 
-----------+------------------------------------------------------------------+----------
        50 | 7.3227251  1.3449672 5.53491426 2.16159699  .56195663 1.89155869 | 18.817719 
           |      4.56       0.86       1.72       1.41       1.30       0.37 |      1.39 
-----------+------------------------------------------------------------------+----------
        51 |         0  1.1756204 1.14637517          0  1.8249921          0 | 4.1469877 
           |      0.00       0.76       0.36       0.00       4.22       0.00 |      0.31 
-----------+------------------------------------------------------------------+----------
     Total | 160.49817  155.61993  322.43671  153.04393  43.235299  514.83074 | 1,349.665 
           |    100.00     100.00     100.00     100.00     100.00     100.00 |    100.00 


---------------------------------------------------------------------------------------------------------------------------------------
-> HVM_DIFF = Lkw

+-------------------+
| Key               |
|-------------------|
|     frequency     |
| column percentage |
+-------------------+

           | politische
           | Gemeindegr
           | ößenklasse
        ek | 5.000 bis |     Total
-----------+-----------+----------
         5 | .91776392 | .91776392 
           |    100.00 |    100.00 
-----------+-----------+----------
     Total | .91776392 | .91776392 
           |    100.00 |    100.00 


---------------------------------------------------------------------------------------------------------------------------------------
-> HVM_DIFF = ÖPNV

+-------------------+
| Key               |
|-------------------|
|     frequency     |
| column percentage |
+-------------------+

           |                  politische Gemeindegrößenklasse
        ek | unter 2.0  2.000 bis  5.000 bis  20.000 bi  50.000 bi  500.000 u |     Total
-----------+------------------------------------------------------------------+----------
        .5 |         0          0  2.0344801          0          0  3.0880267 | 5.1225069 
           |      0.00       0.00      17.15       0.00       0.00       3.38 |      4.09 
-----------+------------------------------------------------------------------+----------
         1 |         0          0          0          0          0  2.7340365 | 2.7340365 
           |      0.00       0.00       0.00       0.00       0.00       2.99 |      2.18 
-----------+------------------------------------------------------------------+----------
         2 |         0          0  2.6252821   3.387645  1.2822297  14.912305 | 22.207461 
           |      0.00       0.00      22.13      25.68      25.16      16.33 |     17.73 
-----------+------------------------------------------------------------------+----------
         5 | 1.8083291          0  1.6675728  3.9063162  3.8132551  26.916356 | 38.111829 
           |     79.03       0.00      14.05      29.61      74.84      29.47 |     30.44 
-----------+------------------------------------------------------------------+----------
        10 |  .4798495  .30529649          0  3.6543312          0  22.439953 |  26.87943 
           |     20.97      21.05       0.00      27.70       0.00      24.57 |     21.47 
-----------+------------------------------------------------------------------+----------
        25 |         0   1.144989  4.2865379  .70480003          0  19.418398 | 25.554725 
           |      0.00      78.95      36.13       5.34       0.00      21.26 |     20.41 
-----------+------------------------------------------------------------------+----------
        50 |         0          0  1.2513796  1.5396973          0   .6448222 | 3.4358991 
           |      0.00       0.00      10.55      11.67       0.00       0.71 |      2.74 
-----------+------------------------------------------------------------------+----------
        51 |         0          0          0          0          0   1.176457 |  1.176457 
           |      0.00       0.00       0.00       0.00       0.00       1.29 |      0.94 
-----------+------------------------------------------------------------------+----------
     Total | 2.2881786  1.4502855  11.865253   13.19279  5.0954848  91.330354 | 125.22234 
           |    100.00     100.00     100.00     100.00     100.00     100.00 |    100.00 


---------------------------------------------------------------------------------------------------------------------------------------
-> HVM_DIFF = Taxi
no observations

---------------------------------------------------------------------------------------------------------------------------------------
-> HVM_DIFF = Schiff | Bahn | Bus | Flugzeug
no observations

---------------------------------------------------------------------------------------------------------------------------------------
-> HVM_DIFF = sonstiges

+-------------------+
| Key               |
|-------------------|
|     frequency     |
| column percentage |
+-------------------+

           | politische
           | Gemeindegr
           | ößenklasse
        ek | 500.000 u |     Total
-----------+-----------+----------
         1 | 5.3008319 | 5.3008319 
           |    100.00 |    100.00 
-----------+-----------+----------
     Total | 5.3008319 | 5.3008319 
           |    100.00 |    100.00 


---------------------------------------------------------------------------------------------------------------------------------------
-> HVM_DIFF = keine Angabe

+-------------------+
| Key               |
|-------------------|
|     frequency     |
| column percentage |
+-------------------+

           | politische
           | Gemeindegr
           | ößenklasse
        ek | 2.000 bis |     Total
-----------+-----------+----------
        25 |.605958136 |.605958136 
           |    100.00 |    100.00 
-----------+-----------+----------
     Total |.605958136 |.605958136 
           |    100.00 |    100.00 


