k00	f00	Ankunft_Hafen_HH	Abfahrt_Hafen_HH
1471505	2	0	1
1491054	2	0	1
1492666	1	1	1
1500915	2	0	1
1501666	2	0	1
1502801	2	0	1
1502845	4	0	1
1502935	2	0	1
1503432	2	0	1
1510849	1	1	1
1510849	2	1	1
1510961	2	0	1
1512316	6	0	1
2011125	4	0	1
2020439	4	0	1
2021304	1	1	1
2021304	2	0	1
2021304	5	1	1
2030805	1	1	1
2060204	1	0	1
2060538	2	0	1
2060538	4	0	1
2081139	2	0	1
2081234	1	0	1
2081258	1	0	1
2091002	6	0	1
2091002	10	0	1
2091625	2	0	1
2091744	6	0	1
2091922	1	1	1
2091922	2	1	1
2091935	1	0	1
2092020	2	1	1
2092020	3	0	1
2092020	6	0	1
2092461	2	0	1
2093644	3	0	1
2093644	5	0	1
2093967	1	0	1
2094517	2	0	1
2094519	1	0	1
2094519	7	1	1
2094519	8	1	1
2094519	9	0	1
2094519	11	1	1
2094519	12	0	1
2094864	1	0	1
2100411	2	0	1
2101336	2	0	1
2101550	1	1	1
2101550	2	1	1
2101615	1	0	1
2103141	1	0	1
2103141	3	0	1
2103141	5	0	1
2103141	7	0	1
2103361	1	0	1
2110426	3	0	1
2111935	2	0	1
2112563	2	0	1
2113210	2	0	1
2113333	2	1	1
2113333	3	0	1
2114072	2	0	1
2115065	4	0	1
2120419	2	0	1
2120628	2	0	1
2130219	2	0	1
2130219	4	0	1
2140163	9	0	1
2140163	12	0	1
2141913	3	0	1
2141913	10	0	1
2141918	2	1	1
2141918	3	0	1
2150146	1	0	1
2150146	3	0	1
2150146	5	0	1
2150929	2	0	1
2160764	1	0	1
2162610	2	0	1
2170626	2	0	1
2171356	5	1	1
2171356	6	0	1
2171931	2	0	1
2172242	3	0	1
2172527	2	0	1
2172651	3	0	1
2172658	2	0	1
2173109	1	0	1
2173570	2	0	1
2180406	3	0	1
2210874	2	0	1
2221933	2	0	1
2222238	2	0	1
2222238	4	0	1
2223030	2	0	1
2223173	1	0	1
2223660	2	1	1
2223660	3	1	1
2223660	4	0	1
2224033	2	1	1
2224033	3	0	1
2224457	1	0	1
2224457	3	1	1
2224457	4	1	1
2224457	5	1	1
2224457	6	0	1
2224545	1	1	1
2224545	2	1	1
2224545	3	1	1
2224545	4	1	1
2224612	6	0	1
2230121	2	0	1
2231040	2	0	1
2231208	2	1	1
2231208	3	1	1
2231208	4	1	1
2231208	5	0	1
2231208	7	1	1
2231208	8	0	1
2231941	1	0	1
2240340	1	0	1
2240607	5	0	1
2240753	3	0	1
2241137	2	0	1
2243302	2	0	1
2250119	2	0	1
2252045	2	0	1
2270444	2	0	1
2271021	3	0	1
2272039	7	1	1
2272039	8	1	1
2272039	9	1	1
2272039	10	0	1
2280130	2	0	1
2280225	1	0	1
2280225	3	0	1
2280837	2	1	1
2280837	3	0	1
2280961	1	0	1
2281232	1	1	1
2281232	2	1	1
2282322	1	0	1
2290333	2	0	1
2290859	1	0	1
2290859	4	0	1
2291739	4	1	1
2291739	5	1	1
2291739	6	1	1
2291739	7	0	1
2292428	1	1	1
2292428	2	1	1
2292428	3	0	1
2292428	5	0	1
2292428	8	1	1
2310320	2	0	1
2330138	2	0	1
2340464	3	0	1
2350830	2	0	1
2351217	1	0	1
2351342	1	0	1
2352844	2	0	1
2352844	4	0	1
2353005	2	0	1
2353131	2	0	1
2353359	1	0	1
2353359	3	0	1
2353359	5	0	1
2353421	4	0	1
2353871	2	0	1
2354251	2	0	1
2360458	2	0	1
2362257	1	1	1
2362257	2	0	1
2362257	4	1	1
2362257	5	1	1
2362257	6	1	1
2362257	7	1	1
2362503	4	0	1
2362507	2	0	1
2370932	2	0	1
2371170	2	0	1
2371668	1	0	1
2371702	10	0	1
2371866	2	0	1
2371975	1	0	1
2372619	7	0	1
2372643	1	1	1
2372643	2	1	1
2372643	3	1	1
2372643	4	1	1
2372643	5	1	1
2372643	6	1	1
2372643	7	1	1
2372643	8	1	1
2372643	9	1	1
2372643	10	1	1
2372643	11	1	1
2372643	12	0	1
2372703	2	0	1
2380114	2	0	1
2380367	1	0	1
2380824	2	0	1
2381229	1	1	1
2381229	2	1	1
2381229	3	1	1
2381229	4	1	1
2381229	5	1	1
2381667	1	0	1
2382267	2	0	1
2390371	1	0	1
2391536	2	0	1
2400342	2	0	1
2400708	2	0	1
2400708	4	0	1
2401703	5	0	1
2410222	2	0	1
2410650	1	1	1
2410650	2	1	1
2411074	2	0	1
2411270	2	0	1
2411635	2	0	1
2412570	1	0	1
2420632	1	0	1
2420824	2	0	1
2420824	4	0	1
2421609	2	0	1
2421654	3	0	1
2421711	3	0	1
2421911	7	0	1
2422645	3	1	1
2422645	4	0	1
2422645	7	0	1
2422740	2	0	1
2422740	7	0	1
2422740	11	0	1
2422904	2	0	1
1471505	1	1	0
1491054	1	1	0
1500915	1	1	0
1501666	1	1	0
1502801	1	1	0
1502845	3	1	0
1502935	1	1	0
1503349	1	1	0
1503432	1	1	0
1510961	1	1	0
1512316	5	1	0
2011125	3	1	0
2020439	3	1	0
2021304	4	1	0
2040624	2	1	0
2060204	2	1	0
2060538	1	1	0
2060538	3	1	0
2081139	1	1	0
2081234	6	1	0
2081258	2	1	0
2091002	5	1	0
2091002	9	1	0
2091625	1	1	0
2091744	5	1	0
2091935	3	1	0
2092020	1	1	0
2092020	5	1	0
2092461	1	1	0
2093644	2	1	0
2093644	4	1	0
2093967	2	1	0
2094517	1	1	0
2094519	6	1	0
2094519	10	1	0
2094864	4	1	0
2100411	1	1	0
2101336	1	1	0
2101615	2	1	0
2103141	2	1	0
2103141	4	1	0
2103141	6	1	0
2103141	8	1	0
2103361	2	1	0
2110426	2	1	0
2111935	1	1	0
2112563	1	1	0
2113210	1	1	0
2113333	1	1	0
2114072	1	1	0
2115065	3	1	0
2120419	1	1	0
2120628	1	1	0
2130219	1	1	0
2130219	3	1	0
2140163	8	1	0
2140163	11	1	0
2141913	2	1	0
2141913	9	1	0
2141918	1	1	0
2150146	2	1	0
2150146	4	1	0
2150146	6	1	0
2150929	1	1	0
2160764	2	1	0
2162610	1	1	0
2170626	1	1	0
2171356	4	1	0
2171931	1	1	0
2172242	2	1	0
2172527	1	1	0
2172651	2	1	0
2172651	4	1	0
2172658	1	1	0
2173109	2	1	0
2173570	1	1	0
2180406	2	1	0
2210874	1	1	0
2221933	1	1	0
2222238	1	1	0
2222238	3	1	0
2223030	1	1	0
2223173	2	1	0
2223660	1	1	0
2224033	1	1	0
2224457	2	1	0
2224457	7	1	0
2224612	5	1	0
2230121	1	1	0
2231040	1	1	0
2231208	1	1	0
2231208	6	1	0
2231941	2	1	0
2240340	3	1	0
2240607	4	1	0
2240753	2	1	0
2241137	1	1	0
2241416	1	1	0
2243302	1	1	0
2250119	1	1	0
2252045	1	1	0
2270444	1	1	0
2271021	2	1	0
2272039	6	1	0
2280130	1	1	0
2280225	2	1	0
2280225	4	1	0
2280837	1	1	0
2280961	3	1	0
2282322	3	1	0
2290333	1	1	0
2290859	3	1	0
2290859	9	1	0
2291739	3	1	0
2292428	4	1	0
2292428	7	1	0
2310320	1	1	0
2330138	1	1	0
2340464	2	1	0
2350830	1	1	0
2351342	2	1	0
2352844	1	1	0
2352844	3	1	0
2353005	1	1	0
2353131	1	1	0
2353359	2	1	0
2353359	4	1	0
2353359	6	1	0
2353421	3	1	0
2353871	1	1	0
2354251	1	1	0
2360458	1	1	0
2362257	3	1	0
2362503	3	1	0
2362507	1	1	0
2370932	1	1	0
2371170	1	1	0
2371668	2	1	0
2371702	9	1	0
2371866	1	1	0
2372619	6	1	0
2372703	1	1	0
2380114	1	1	0
2380367	2	1	0
2380824	1	1	0
2381667	2	1	0
2382267	1	1	0
2391536	1	1	0
2400342	1	1	0
2400708	1	1	0
2400708	3	1	0
2401703	4	1	0
2410222	1	1	0
2411074	1	1	0
2411270	1	1	0
2411635	1	1	0
2412570	2	1	0
2420632	2	1	0
2420824	1	1	0
2420824	3	1	0
2421609	1	1	0
2421654	2	1	0
2421711	2	1	0
2421911	6	1	0
2422645	2	1	0
2422645	6	1	0
2422740	1	1	0
2422740	6	1	0
2422740	10	1	0
2422904	1	1	0
