k00	f00	Ankunft_HH	Abfahrt_HH
1470433	1	0	1
1470525	1	1	1
1470525	2	1	1
1470525	3	1	1
1470525	4	1	1
1470634	1	1	1
1470634	2	1	1
1470634	3	1	1
1470634	4	1	1
1470647	2	0	1
1470801	1	1	1
1470801	2	1	1
1470801	3	1	1
1470801	4	1	1
1470801	5	0	1
1470801	7	1	1
1470801	8	1	1
1470801	9	1	1
1470801	10	1	1
1470801	11	1	1
1470821	1	1	1
1470821	2	1	1
1470946	1	1	1
1470946	2	1	1
1470946	3	1	1
1470946	4	1	1
1470946	5	1	1
1470946	6	1	1
1470946	7	1	1
1470946	8	0	1
1470946	11	1	1
1470946	12	0	1
1471353	2	0	1
1471402	1	1	1
1471402	2	1	1
1471505	1	1	1
1471505	2	1	1
1480115	1	1	1
1480115	2	1	1
1480143	1	1	1
1480143	2	1	1
1480148	1	1	1
1480148	2	1	1
1480246	2	0	1
1480250	1	1	1
1480250	2	1	1
1480250	3	1	1
1480250	4	1	1
1480339	1	1	1
1480339	2	1	1
1480339	3	0	1
1480472	1	1	1
1480472	2	1	1
1480563	1	1	1
1480563	2	1	1
1480709	4	0	1
1480763	1	0	1
1480924	1	0	1
1480965	1	1	1
1480965	2	1	1
1480965	3	1	1
1480965	4	1	1
1480975	1	1	1
1480975	2	1	1
1481011	1	1	1
1481011	2	1	1
1481015	1	1	1
1481138	1	1	1
1481138	2	1	1
1481164	1	1	1
1481164	2	1	1
1481363	1	1	1
1481363	2	1	1
1481363	3	1	1
1481407	2	1	1
1481407	3	1	1
1481407	4	1	1
1481407	5	1	1
1481407	6	0	1
1482042	2	0	1
1482233	1	1	1
1482233	2	1	1
1482233	3	1	1
1482731	1	1	1
1482731	2	1	1
1482731	3	1	1
1482731	4	1	1
1482731	5	1	1
1482852	1	0	1
1482852	3	1	1
1482852	4	1	1
1483021	2	0	1
1483026	2	0	1
1483129	1	1	1
1483129	2	0	1
1483243	6	0	1
1483549	1	1	1
1483549	2	1	1
1483549	3	1	1
1483549	4	1	1
1483549	5	1	1
1483549	6	1	1
1483549	7	1	1
1483549	8	1	1
1483549	9	1	1
1483549	10	1	1
1483607	1	0	1
1483727	1	1	1
1483727	2	1	1
1483805	1	1	1
1483805	2	1	1
1483908	1	1	1
1483908	2	1	1
1483908	3	1	1
1483908	4	1	1
1483908	5	1	1
1484104	1	1	1
1484104	2	1	1
1484104	3	1	1
1484104	4	1	1
1484104	5	1	1
1484104	6	1	1
1484104	7	1	1
1484104	8	1	1
1484172	3	0	1
1484215	1	1	1
1484215	2	1	1
1484215	3	1	1
1484215	4	1	1
1484215	5	1	1
1484215	6	1	1
1484215	7	1	1
1484250	2	1	1
1484250	3	1	1
1484250	4	1	1
1484250	5	0	1
1490122	2	0	1
1490173	1	1	1
1490173	2	1	1
1490173	3	1	1
1490173	4	1	1
1490321	2	0	1
1490322	1	1	1
1490322	2	1	1
1490464	1	1	1
1490526	1	1	1
1490526	2	1	1
1490526	3	1	1
1490526	4	1	1
1490526	5	1	1
1490526	6	1	1
1490526	7	1	1
1490526	8	1	1
1490526	9	1	1
1490564	1	1	1
1490568	1	1	1
1490568	2	1	1
1490752	2	1	1
1490752	3	1	1
1490752	4	1	1
1490752	5	1	1
1490811	1	1	1
1490811	2	1	1
1490811	3	1	1
1490811	4	1	1
1490811	5	1	1
1490811	6	1	1
1491054	2	0	1
1491068	2	1	1
1491068	3	1	1
1491068	4	0	1
1491201	2	0	1
1491247	1	1	1
1491247	2	1	1
1491417	2	0	1
1491464	1	1	1
1491464	2	0	1
1491474	2	0	1
1491475	1	1	1
1491475	2	1	1
1491521	1	1	1
1491521	2	1	1
1491671	1	1	1
1491671	2	1	1
1491671	3	1	1
1491671	4	1	1
1491671	5	1	1
1491702	2	0	1
1491705	3	0	1
1491706	1	1	1
1491755	1	1	1
1491811	1	1	1
1491811	2	1	1
1492348	1	1	1
1492348	2	1	1
1492421	2	0	1
1492427	1	0	1
1492428	1	1	1
1492428	2	1	1
1492428	3	1	1
1492428	4	1	1
1492666	1	1	1
1492670	2	0	1
1500234	2	1	1
1500234	3	1	1
1500234	4	1	1
1500234	5	1	1
1500234	6	1	1
1500234	7	1	1
1500234	8	1	1
1500234	9	1	1
1500234	10	0	1
1500235	1	0	1
1500235	3	1	1
1500273	9	0	1
1500438	1	0	1
1500522	1	1	1
1500522	2	1	1
1500522	3	1	1
1500522	4	1	1
1500629	4	0	1
1500915	1	1	1
1500915	2	1	1
1501066	1	1	1
1501066	2	1	1
1501251	1	1	1
1501251	2	1	1
1501251	3	1	1
1501251	4	1	1
1501251	5	1	1
1501251	6	1	1
1501251	7	1	1
1501251	8	1	1
1501251	9	1	1
1501251	10	1	1
1501251	11	1	1
1501251	12	0	1
1501273	1	1	1
1501273	2	1	1
1501331	1	0	1
1501331	3	1	1
1501331	4	1	1
1501331	5	1	1
1501343	2	0	1
1501371	1	1	1
1501371	2	1	1
1501373	2	0	1
1501618	1	1	1
1501618	2	1	1
1501666	1	1	1
1501666	2	1	1
1501666	3	1	1
1501670	1	1	1
1501670	2	1	1
1501670	3	0	1
1501715	1	1	1
1501715	2	1	1
1501715	3	1	1
1501715	4	1	1
1501863	1	1	1
1501863	2	1	1
1501865	2	0	1
1501874	1	1	1
1501874	2	1	1
1501874	3	1	1
1501874	4	0	1
1501874	6	1	1
1501944	1	1	1
1501944	2	1	1
1501944	3	0	1
1502011	1	1	1
1502011	2	0	1
1502011	4	1	1
1502012	1	1	1
1502012	2	1	1
1502012	3	1	1
1502012	4	1	1
1502013	1	1	1
1502013	2	1	1
1502139	2	1	1
1502139	3	1	1
1502139	4	1	1
1502139	5	1	1
1502139	6	0	1
1502141	2	0	1
1502142	1	1	1
1502142	2	1	1
1502217	2	1	1
1502217	3	1	1
1502217	4	1	1
1502217	5	0	1
1502220	1	1	1
1502220	2	1	1
1502221	1	1	1
1502221	2	1	1
1502221	3	1	1
1502221	4	0	1
1502221	6	1	1
1502221	7	1	1
1502221	8	1	1
1502328	2	0	1
1502330	2	0	1
1502331	4	0	1
1502801	1	1	1
1502801	2	1	1
1502845	1	1	1
1502845	2	1	1
1502845	3	1	1
1502845	4	1	1
1502845	5	0	1
1502845	7	1	1
1502845	8	1	1
1502845	9	1	1
1502845	10	1	1
1502863	4	0	1
1502918	1	1	1
1502924	1	0	1
1502935	2	0	1
1502940	1	0	1
1503009	1	1	1
1503009	2	1	1
1503009	3	1	1
1503009	4	1	1
1503009	5	1	1
1503028	1	1	1
1503028	2	1	1
1503028	3	1	1
1503028	4	1	1
1503028	5	1	1
1503028	6	1	1
1503028	7	1	1
1503108	1	0	1
1503108	3	0	1
1503226	1	1	1
1503226	2	1	1
1503226	3	1	1
1503227	1	1	1
1503227	2	1	1
1503227	3	1	1
1503227	4	1	1
1503349	1	1	1
1503402	1	1	1
1503402	2	1	1
1503432	1	1	1
1503432	2	1	1
1510128	2	1	1
1510128	3	0	1
1510270	1	1	1
1510270	2	1	1
1510403	1	0	1
1510523	1	0	1
1510575	2	0	1
1510704	1	1	1
1510704	2	1	1
1510704	3	1	1
1510704	4	1	1
1510704	5	1	1
1510849	1	1	1
1510849	2	1	1
1510961	1	1	1
1510961	2	1	1
1510961	3	1	1
1510961	4	1	1
1511001	1	1	1
1511001	2	1	1
1511425	1	1	1
1511425	2	1	1
1511425	3	1	1
1511425	4	1	1
1511838	2	0	1
1512048	2	0	1
1512316	1	1	1
1512316	2	1	1
1512316	3	1	1
1512316	4	1	1
1512316	5	1	1
1512316	6	1	1
1512316	7	1	1
1512338	1	1	1
1512339	1	1	1
1512348	1	1	1
1512348	2	1	1
1512348	3	1	1
1512422	2	0	1
1512617	1	0	1
1512902	1	1	1
1512902	2	1	1
1512902	3	1	1
1512902	4	1	1
1512923	3	0	1
1513021	1	0	1
1513021	6	0	1
1513124	1	0	1
1513124	3	1	1
1513124	4	1	1
2010202	1	1	1
2010242	1	0	1
2010330	1	1	1
2010330	2	1	1
2010330	3	1	1
2010456	1	1	1
2010456	2	1	1
2010634	1	1	1
2010634	2	1	1
2010634	3	1	1
2010765	1	1	1
2010765	2	1	1
2010765	3	1	1
2010765	4	1	1
2010837	1	1	1
2010837	2	1	1
2010837	3	1	1
2010837	4	1	1
2011119	1	1	1
2011119	2	1	1
2011125	1	1	1
2011125	2	1	1
2011125	3	1	1
2011125	4	1	1
2011125	5	1	1
2011125	6	1	1
2011230	2	1	1
2011230	3	1	1
2011254	2	0	1
2011331	1	1	1
2011331	2	1	1
2011556	1	1	1
2011556	2	1	1
2011717	1	1	1
2011717	2	1	1
2011717	3	1	1
2020165	1	0	1
2020165	3	1	1
2020165	4	1	1
2020165	5	1	1
2020165	6	1	1
2020165	7	1	1
2020201	1	1	1
2020201	2	1	1
2020272	1	1	1
2020272	2	1	1
2020272	3	0	1
2020272	6	0	1
2020364	1	0	1
2020439	1	1	1
2020439	2	1	1
2020439	3	1	1
2020439	4	1	1
2020456	1	1	1
2020456	2	1	1
2020456	3	1	1
2020456	4	1	1
2020558	1	1	1
2020741	1	1	1
2020741	2	1	1
2020741	3	1	1
2020866	2	0	1
2021304	1	1	1
2021304	2	1	1
2021304	3	1	1
2021304	4	1	1
2021304	5	1	1
2021336	1	1	1
2021336	2	1	1
2021342	1	0	1
2021342	5	1	1
2021342	6	1	1
2021342	7	1	1
2021342	8	1	1
2021342	9	1	1
2021367	1	1	1
2021367	2	1	1
2021367	3	1	1
2021367	4	1	1
2021519	1	1	1
2021519	2	1	1
2021519	3	1	1
2021519	4	1	1
2021519	5	1	1
2021519	6	1	1
2021519	7	1	1
2021557	2	0	1
2021569	2	0	1
2021711	1	1	1
2021711	2	1	1
2021711	3	1	1
2021711	4	1	1
2021711	5	1	1
2021711	6	1	1
2021726	2	0	1
2021752	1	0	1
2021803	1	1	1
2021803	2	1	1
2021803	3	1	1
2030270	2	1	1
2030270	3	1	1
2030270	4	1	1
2030270	5	1	1
2030270	6	0	1
2030434	2	1	1
2030434	3	0	1
2030541	1	0	1
2030805	1	1	1
2030806	1	1	1
2030806	2	1	1
2030806	3	1	1
2030806	4	1	1
2030806	5	1	1
2030806	6	1	1
2030806	7	1	1
2030806	8	1	1
2030806	9	1	1
2030806	10	1	1
2030806	11	1	1
2030806	12	0	1
2030866	1	0	1
2040252	2	0	1
2040371	2	1	1
2040371	3	1	1
2040371	4	1	1
2040371	5	1	1
2040371	6	1	1
2040371	7	0	1
2040474	3	1	1
2040474	4	0	1
2040517	2	0	1
2040624	1	0	1
2040632	1	1	1
2040632	2	1	1
2040632	3	1	1
2040751	1	1	1
2040751	2	1	1
2041143	2	0	1
2041468	1	0	1
2041557	1	1	1
2041557	2	1	1
2041565	1	1	1
2041565	2	1	1
2041659	1	1	1
2041659	2	1	1
2041824	2	0	1
2041827	1	1	1
2041923	1	1	1
2041923	2	1	1
2041954	1	1	1
2041954	2	1	1
2041954	3	1	1
2041954	4	1	1
2041954	5	1	1
2041954	6	1	1
2042024	1	1	1
2042024	2	1	1
2042135	1	1	1
2042135	2	1	1
2042136	1	1	1
2042136	2	1	1
2042136	3	1	1
2042136	4	1	1
2042173	1	1	1
2042327	1	1	1
2042327	2	1	1
2050167	2	0	1
2050404	1	1	1
2050542	1	1	1
2050542	2	1	1
2050542	3	1	1
2050542	4	1	1
2050542	5	1	1
2050542	6	1	1
2050542	7	1	1
2050544	2	0	1
2050557	1	1	1
2050557	2	1	1
2050557	3	1	1
2050557	4	0	1
2050816	1	1	1
2050816	2	1	1
2050816	3	1	1
2050816	4	1	1
2050816	5	1	1
2050856	2	0	1
2060146	2	1	1
2060146	3	1	1
2060146	4	0	1
2060147	1	1	1
2060147	2	1	1
2060149	1	1	1
2060149	2	0	1
2060162	2	0	1
2060172	1	1	1
2060172	2	1	1
2060204	1	1	1
2060204	2	1	1
2060425	1	1	1
2060425	2	1	1
2060425	3	1	1
2060425	4	1	1
2060425	5	1	1
2060425	6	1	1
2060425	7	1	1
2060425	8	1	1
2060425	9	1	1
2060425	10	1	1
2060425	11	1	1
2060425	12	0	1
2060447	1	1	1
2060447	2	1	1
2060447	3	0	1
2060538	1	1	1
2060538	2	1	1
2060538	3	1	1
2060538	4	1	1
2060538	5	0	1
2060557	1	1	1
2060557	2	1	1
2060571	2	0	1
2060617	1	1	1
2060617	2	1	1
2060617	3	1	1
2060617	4	1	1
2060627	1	1	1
2060627	2	1	1
2060671	1	0	1
2060671	3	1	1
2060671	4	1	1
2060713	1	1	1
2060713	2	1	1
2060713	3	1	1
2060713	4	1	1
2060713	5	1	1
2060713	6	1	1
2060713	7	1	1
2060759	1	1	1
2060759	2	1	1
2060759	3	1	1
2070217	3	0	1
2070223	1	1	1
2070223	2	1	1
2070223	3	1	1
2070223	4	0	1
2070223	6	1	1
2070223	7	1	1
2070223	8	1	1
2070243	2	0	1
2070244	3	0	1
2070341	1	1	1
2070341	2	1	1
2070342	1	1	1
2070342	2	1	1
2070342	3	1	1
2070342	4	1	1
2070342	5	1	1
2070342	6	1	1
2070342	7	1	1
2070342	8	1	1
2070342	9	1	1
2070342	10	1	1
2070342	11	1	1
2070342	12	0	1
2070359	1	1	1
2070359	2	1	1
2070359	3	1	1
2070359	4	1	1
2070359	5	1	1
2070359	6	1	1
2070359	7	1	1
2070359	8	1	1
2070359	9	1	1
2070359	10	0	1
2070454	1	1	1
2070454	2	1	1
2070454	3	0	1
2070454	5	1	1
2070512	2	0	1
2080330	2	1	1
2080330	3	0	1
2080345	1	1	1
2080345	2	1	1
2080434	1	1	1
2080434	2	1	1
2080750	1	1	1
2080750	2	1	1
2080825	1	1	1
2080825	2	1	1
2080825	3	1	1
2080825	4	1	1
2080825	5	0	1
2080827	1	1	1
2080827	2	1	1
2081010	1	1	1
2081010	2	1	1
2081025	1	1	1
2081025	2	1	1
2081025	3	1	1
2081025	4	1	1
2081041	1	1	1
2081041	2	1	1
2081041	3	1	1
2081041	4	1	1
2081041	5	1	1
2081139	2	0	1
2081140	1	1	1
2081140	2	1	1
2081140	3	1	1
2081140	4	1	1
2081234	1	1	1
2081234	2	1	1
2081234	3	1	1
2081234	4	1	1
2081234	5	1	1
2081234	6	1	1
2081258	1	1	1
2081258	2	1	1
2081367	1	1	1
2081367	2	1	1
2081367	3	1	1
2081367	4	1	1
2081367	5	0	1
2081414	1	1	1
2081414	2	1	1
2081414	3	1	1
2081414	4	1	1
2081546	2	0	1
2090901	1	1	1
2091002	1	1	1
2091002	2	1	1
2091002	3	1	1
2091002	4	1	1
2091002	5	1	1
2091002	6	1	1
2091002	7	1	1
2091002	8	1	1
2091002	9	1	1
2091002	10	1	1
2091002	11	1	1
2091002	12	0	1
2091008	2	1	1
2091008	3	0	1
2091008	5	1	1
2091008	6	0	1
2091009	1	1	1
2091009	2	1	1
2091009	3	1	1
2091009	4	1	1
2091009	5	1	1
2091009	6	1	1
2091009	7	1	1
2091009	8	1	1
2091009	9	1	1
2091009	10	1	1
2091009	11	1	1
2091009	12	0	1
2091010	7	0	1
2091128	2	0	1
2091201	1	1	1
2091201	2	1	1
2091201	3	1	1
2091201	4	1	1
2091319	2	0	1
2091433	1	1	1
2091433	2	1	1
2091433	3	1	1
2091566	1	1	1
2091566	2	1	1
2091567	1	1	1
2091570	1	1	1
2091570	2	1	1
2091625	2	0	1
2091626	2	0	1
2091663	1	1	1
2091663	2	1	1
2091744	1	1	1
2091744	2	1	1
2091744	3	1	1
2091744	4	1	1
2091744	5	1	1
2091744	6	1	1
2091744	7	1	1
2091744	8	1	1
2091744	9	1	1
2091744	10	0	1
2091821	1	1	1
2091821	2	1	1
2091821	3	0	1
2091832	1	1	1
2091832	2	1	1
2091832	3	1	1
2091832	4	1	1
2091832	5	0	1
2091832	7	1	1
2091832	8	1	1
2091832	9	1	1
2091832	10	1	1
2091832	11	1	1
2091832	12	0	1
2091902	2	0	1
2091910	1	1	1
2091920	2	1	1
2091920	3	0	1
2091922	1	1	1
2091922	2	1	1
2091935	1	0	1
2091935	3	1	1
2092019	1	1	1
2092019	2	1	1
2092019	3	1	1
2092019	4	0	1
2092020	1	1	1
2092020	2	1	1
2092020	3	1	1
2092020	4	1	1
2092020	5	1	1
2092020	6	1	1
2092020	7	1	1
2092020	8	1	1
2092020	9	1	1
2092020	10	1	1
2092020	11	1	1
2092020	12	0	1
2092035	2	1	1
2092035	3	1	1
2092035	4	0	1
2092357	2	0	1
2092416	1	1	1
2092416	2	1	1
2092461	1	1	1
2092461	2	1	1
2092767	2	1	1
2092767	3	0	1
2092819	3	0	1
2092855	1	1	1
2092855	2	1	1
2092933	1	0	1
2093102	1	1	1
2093102	2	1	1
2093111	1	1	1
2093111	2	1	1
2093111	3	1	1
2093111	4	1	1
2093111	5	1	1
2093111	6	1	1
2093111	7	1	1
2093111	8	1	1
2093111	9	1	1
2093111	10	1	1
2093111	11	1	1
2093111	12	0	1
2093205	1	1	1
2093205	2	1	1
2093230	1	1	1
2093230	2	1	1
2093231	1	1	1
2093231	2	1	1
2093250	2	0	1
2093250	4	0	1
2093345	1	1	1
2093345	2	1	1
2093345	3	1	1
2093345	4	1	1
2093345	5	1	1
2093345	6	1	1
2093345	7	1	1
2093448	1	1	1
2093448	2	1	1
2093451	1	1	1
2093451	2	1	1
2093458	1	1	1
2093458	2	1	1
2093458	3	1	1
2093508	1	1	1
2093508	2	1	1
2093511	1	1	1
2093511	2	1	1
2093514	1	1	1
2093514	2	1	1
2093517	1	1	1
2093517	2	1	1
2093517	3	1	1
2093517	4	1	1
2093519	2	0	1
2093522	1	0	1
2093644	2	1	1
2093644	3	1	1
2093644	4	1	1
2093644	5	1	1
2093644	6	0	1
2093645	1	1	1
2093645	2	1	1
2093646	1	1	1
2093646	2	1	1
2093646	3	1	1
2093648	1	1	1
2093648	2	1	1
2093650	1	1	1
2093650	2	1	1
2093703	1	1	1
2093703	2	1	1
2093707	1	1	1
2093707	2	1	1
2093707	3	1	1
2093707	4	1	1
2093708	1	1	1
2093708	2	0	1
2093708	4	1	1
2093732	1	1	1
2093732	2	1	1
2093967	1	1	1
2093967	2	1	1
2094168	7	1	1
2094168	8	1	1
2094168	9	0	1
2094235	1	1	1
2094235	2	1	1
2094351	1	1	1
2094351	2	1	1
2094359	2	0	1
2094361	1	1	1
2094361	2	1	1
2094372	1	1	1
2094372	2	1	1
2094517	1	1	1
2094517	2	1	1
2094519	1	0	1
2094519	4	0	1
2094519	6	1	1
2094519	7	1	1
2094519	8	1	1
2094519	9	1	1
2094519	10	1	1
2094519	11	1	1
2094519	12	0	1
2094548	1	1	1
2094548	2	1	1
2094548	3	1	1
2094608	1	1	1
2094608	2	1	1
2094608	3	1	1
2094608	4	1	1
2094608	5	1	1
2094608	6	1	1
2094608	7	1	1
2094608	8	1	1
2094641	2	0	1
2094645	1	1	1
2094645	2	1	1
2094803	1	1	1
2094803	2	1	1
2094803	3	1	1
2094803	4	1	1
2094803	5	1	1
2094803	6	1	1
2094803	7	1	1
2094803	8	1	1
2094803	9	1	1
2094803	10	1	1
2094803	11	1	1
2094803	12	0	1
2094804	2	0	1
2094807	1	0	1
2094816	1	1	1
2094816	2	1	1
2094816	3	1	1
2094816	4	1	1
2094820	2	0	1
2094834	1	0	1
2094859	1	1	1
2094859	2	1	1
2094859	3	1	1
2094859	4	1	1
2094860	2	0	1
2094863	1	1	1
2094863	2	1	1
2094863	3	1	1
2094863	4	1	1
2094863	5	1	1
2094863	6	1	1
2094864	1	0	1
2094864	3	1	1
2094864	4	1	1
2094908	1	1	1
2094908	2	1	1
2094911	1	1	1
2094911	2	1	1
2094911	3	1	1
2094911	4	1	1
2094912	1	0	1
2094951	3	0	1
2094951	5	1	1
2094951	6	0	1
2095008	2	1	1
2095008	3	0	1
2100264	1	1	1
2100264	2	1	1
2100273	1	1	1
2100273	2	1	1
2100411	2	0	1
2100544	1	1	1
2100544	2	1	1
2100736	1	1	1
2100736	2	1	1
2100736	3	1	1
2100736	4	1	1
2100736	5	1	1
2100736	6	1	1
2100855	2	1	1
2100855	3	1	1
2100855	4	1	1
2100855	5	1	1
2100855	6	0	1
2101128	1	1	1
2101336	2	0	1
2101550	1	1	1
2101550	2	1	1
2101615	1	1	1
2101615	2	1	1
2101724	1	1	1
2101724	2	1	1
2101871	1	1	1
2101874	1	1	1
2101874	2	1	1
2102123	1	1	1
2102123	2	1	1
2102324	1	0	1
2102348	1	0	1
2102352	1	1	1
2102352	2	1	1
2102352	3	1	1
2102352	4	1	1
2102374	1	0	1
2102374	3	0	1
2102374	5	1	1
2102424	1	1	1
2102424	2	1	1
2102424	3	1	1
2102426	1	0	1
2102426	5	1	1
2102463	1	1	1
2102463	2	1	1
2102637	2	0	1
2102809	2	0	1
2102812	1	1	1
2102812	2	1	1
2102812	3	1	1
2102812	4	1	1
2102826	2	1	1
2102826	3	0	1
2102874	2	1	1
2102874	3	1	1
2102874	4	1	1
2102874	5	1	1
2102874	6	0	1
2102875	1	1	1
2102875	2	1	1
2102875	3	1	1
2102875	4	1	1
2102875	5	1	1
2102875	6	1	1
2103141	1	1	1
2103141	2	1	1
2103141	3	1	1
2103141	4	1	1
2103141	5	1	1
2103141	6	1	1
2103141	7	1	1
2103141	8	1	1
2103259	1	1	1
2103259	2	1	1
2103269	1	1	1
2103269	2	1	1
2103312	2	0	1
2103358	2	0	1
2103361	1	0	1
2103363	1	1	1
2103363	2	1	1
2103373	2	0	1
2103402	1	1	1
2103402	2	1	1
2103518	1	1	1
2103522	1	1	1
2103522	2	1	1
2103536	1	1	1
2103536	2	1	1
2103536	3	1	1
2103536	4	1	1
2103537	1	1	1
2103537	2	1	1
2103537	3	1	1
2103537	4	1	1
2103537	5	1	1
2103551	1	1	1
2103551	2	1	1
2103551	3	1	1
2103551	4	1	1
2103551	5	1	1
2103551	6	1	1
2103551	7	0	1
2103551	11	1	1
2103556	1	0	1
2103564	1	1	1
2103564	2	1	1
2103564	3	1	1
2103564	4	1	1
2103565	1	1	1
2103565	2	1	1
2103565	3	1	1
2103614	3	0	1
2103653	1	1	1
2103653	2	1	1
2103653	3	1	1
2103738	1	1	1
2103738	2	1	1
2103738	3	1	1
2103738	4	1	1
2103738	5	1	1
2103738	6	1	1
2110266	1	0	1
2110365	2	0	1
2110422	1	0	1
2110424	1	1	1
2110424	2	1	1
2110424	3	1	1
2110424	4	0	1
2110425	1	1	1
2110425	2	1	1
2110425	3	1	1
2110426	1	1	1
2110426	2	1	1
2110426	3	1	1
2110461	1	1	1
2110461	2	1	1
2110461	3	1	1
2110461	4	1	1
2110461	5	1	1
2110862	1	1	1
2110862	2	1	1
2110862	3	1	1
2110862	4	1	1
2110873	3	1	1
2110873	4	0	1
2111036	1	1	1
2111036	2	1	1
2111313	1	1	1
2111313	2	1	1
2111315	1	0	1
2111462	1	1	1
2111463	1	0	1
2111507	1	1	1
2111507	2	1	1
2111507	3	1	1
2111507	4	1	1
2111508	1	1	1
2111508	2	1	1
2111508	3	1	1
2111508	4	1	1
2111509	1	1	1
2111509	2	1	1
2111509	3	1	1
2111509	4	1	1
2111509	5	1	1
2111509	6	1	1
2111509	7	1	1
2111525	2	0	1
2111544	1	0	1
2111660	5	1	1
2111660	6	0	1
2111711	1	1	1
2111711	2	1	1
2111935	1	1	1
2111935	2	1	1
2112022	1	1	1
2112023	1	1	1
2112023	2	1	1
2112024	1	1	1
2112024	2	1	1
2112024	3	1	1
2112024	4	1	1
2112024	5	1	1
2112024	6	1	1
2112024	7	1	1
2112024	8	1	1
2112024	9	1	1
2112024	10	1	1
2112315	2	1	1
2112315	3	1	1
2112315	4	1	1
2112315	5	1	1
2112315	6	1	1
2112315	7	1	1
2112315	8	1	1
2112315	9	1	1
2112315	10	1	1
2112315	11	1	1
2112315	12	0	1
2112356	1	1	1
2112357	1	0	1
2112359	2	0	1
2112362	2	0	1
2112454	1	1	1
2112454	2	1	1
2112551	1	1	1
2112551	2	1	1
2112551	3	1	1
2112551	4	1	1
2112551	5	1	1
2112562	1	0	1
2112563	1	1	1
2112563	2	1	1
2112618	1	1	1
2112618	2	1	1
2112666	1	0	1
2112674	3	0	1
2112709	2	0	1
2112811	3	1	1
2112811	4	1	1
2112811	5	1	1
2112811	6	0	1
2112818	1	1	1
2112818	2	1	1
2112841	1	0	1
2112845	1	0	1
2112845	3	1	1
2112845	4	1	1
2112845	5	0	1
2112846	1	1	1
2112846	2	1	1
2112945	1	0	1
2112945	3	1	1
2112945	4	1	1
2112945	5	1	1
2112945	6	1	1
2112945	7	1	1
2112945	8	1	1
2112945	9	1	1
2112945	10	1	1
2112945	11	1	1
2112945	12	0	1
2113210	1	1	1
2113210	2	1	1
2113213	1	1	1
2113213	2	1	1
2113308	2	1	1
2113308	3	1	1
2113308	4	1	1
2113308	5	1	1
2113308	6	1	1
2113308	7	1	1
2113308	8	1	1
2113308	9	1	1
2113308	10	1	1
2113308	11	1	1
2113308	12	0	1
2113322	1	1	1
2113322	2	1	1
2113322	3	1	1
2113322	4	1	1
2113322	5	1	1
2113322	6	1	1
2113322	7	1	1
2113322	8	1	1
2113322	9	1	1
2113333	2	1	1
2113333	3	0	1
2113920	2	0	1
2113943	1	0	1
2114002	1	1	1
2114002	2	1	1
2114064	1	1	1
2114072	1	1	1
2114072	2	1	1
2114072	3	1	1
2114652	2	0	1
2115065	1	1	1
2115065	2	1	1
2115065	3	1	1
2115065	4	1	1
2115065	5	1	1
2115065	6	1	1
2115065	7	1	1
2120209	1	1	1
2120211	2	0	1
2120324	2	0	1
2120419	2	0	1
2120615	1	1	1
2120615	2	1	1
2120616	1	1	1
2120616	2	1	1
2120628	1	1	1
2120628	2	1	1
2120628	3	1	1
2120956	1	1	1
2120956	2	1	1
2120956	3	1	1
2120956	4	1	1
2120956	5	1	1
2120956	6	1	1
2120956	7	1	1
2120958	1	1	1
2120958	2	1	1
2120958	3	1	1
2120958	4	1	1
2120958	5	1	1
2121035	1	1	1
2121035	2	1	1
2121035	3	1	1
2121035	4	1	1
2121035	5	1	1
2121170	2	0	1
2121231	1	0	1
2121231	3	1	1
2121231	4	1	1
2121231	5	1	1
2121339	1	0	1
2121411	1	0	1
2121411	3	1	1
2121411	4	1	1
2121411	5	1	1
2121411	6	0	1
2121601	1	1	1
2121601	2	1	1
2121601	3	1	1
2121601	4	1	1
2121601	5	1	1
2121601	6	1	1
2121601	7	1	1
2121601	8	1	1
2121601	9	1	1
2121601	10	1	1
2121601	11	1	1
2121601	12	0	1
2121618	1	1	1
2121618	2	1	1
2121638	1	1	1
2121638	2	1	1
2121638	3	1	1
2121638	4	1	1
2121638	5	1	1
2121638	6	0	1
2121753	1	1	1
2121753	2	1	1
2121754	1	1	1
2121754	2	1	1
2121772	4	1	1
2121772	5	0	1
2121803	1	1	1
2121803	2	1	1
2121804	3	1	1
2121804	4	1	1
2121804	5	1	1
2121804	6	1	1
2121804	7	1	1
2121804	8	0	1
2121814	1	1	1
2121814	2	1	1
2121814	3	1	1
2121814	4	1	1
2121817	1	1	1
2121817	2	1	1
2121902	1	1	1
2121902	2	1	1
2121902	3	1	1
2121902	4	1	1
2121927	1	1	1
2121927	2	1	1
2121927	3	1	1
2122014	1	1	1
2122014	2	1	1
2122014	3	1	1
2122014	4	1	1
2122108	2	0	1
2122108	4	0	1
2122110	1	1	1
2122110	2	1	1
2122219	1	1	1
2122220	1	1	1
2122220	2	1	1
2122220	3	1	1
2122220	4	1	1
2122336	1	1	1
2122336	2	1	1
2122336	3	1	1
2122336	4	1	1
2122336	5	1	1
2122336	6	1	1
2122337	1	1	1
2130219	2	1	1
2130219	3	1	1
2130219	4	0	1
2130233	1	0	1
2130404	1	1	1
2130404	2	1	1
2130404	3	1	1
2130404	4	1	1
2130404	5	1	1
2130404	6	1	1
2130404	7	1	1
2130538	1	0	1
2130556	2	0	1
2130656	1	1	1
2130656	2	1	1
2130708	1	0	1
2130709	1	1	1
2130709	2	1	1
2130709	3	1	1
2130709	4	1	1
2130852	1	1	1
2130852	2	1	1
2130951	1	1	1
2130951	2	1	1
2130951	3	1	1
2131166	1	1	1
2131166	2	1	1
2131166	3	1	1
2131166	4	1	1
2131166	5	1	1
2131310	1	1	1
2131310	2	1	1
2131321	2	0	1
2140163	1	0	1
2140163	6	1	1
2140163	7	1	1
2140163	8	1	1
2140163	9	1	1
2140163	10	1	1
2140163	11	1	1
2140163	12	0	1
2140221	3	0	1
2140248	2	1	1
2140248	3	1	1
2140248	4	1	1
2140248	5	0	1
2140248	9	0	1
2140425	1	1	1
2140425	2	1	1
2140528	1	1	1
2140528	2	1	1
2140533	1	1	1
2140533	2	1	1
2140659	1	1	1
2140659	2	1	1
2140671	1	1	1
2140671	2	1	1
2140674	1	1	1
2140674	2	1	1
2140674	3	1	1
2140674	4	1	1
2140675	1	1	1
2140815	1	1	1
2140815	2	0	1
2140815	4	1	1
2140815	5	1	1
2140815	6	1	1
2140836	1	1	1
2140836	2	1	1
2140847	1	1	1
2140847	2	1	1
2140847	3	1	1
2140847	4	1	1
2140966	1	1	1
2140966	2	1	1
2140966	3	1	1
2141040	1	1	1
2141040	2	1	1
2141053	1	1	1
2141053	2	1	1
2141068	1	1	1
2141068	2	1	1
2141258	1	1	1
2141258	2	1	1
2141258	3	1	1
2141258	4	1	1
2141341	1	1	1
2141341	2	1	1
2141341	3	1	1
2141341	4	1	1
2141341	5	1	1
2141341	6	1	1
2141341	7	1	1
2141341	8	1	1
2141341	9	1	1
2141341	10	1	1
2141341	11	1	1
2141508	1	1	1
2141508	2	1	1
2141508	3	1	1
2141773	1	1	1
2141773	2	1	1
2141773	3	1	1
2141773	4	1	1
2141773	5	1	1
2141773	6	1	1
2141773	7	1	1
2141774	1	1	1
2141774	2	1	1
2141774	3	1	1
2141774	4	1	1
2141774	5	1	1
2141848	2	1	1
2141848	3	1	1
2141848	4	0	1
2141848	6	0	1
2141905	1	0	1
2141913	1	1	1
2141913	2	1	1
2141913	3	1	1
2141913	4	1	1
2141913	5	1	1
2141913	6	1	1
2141913	7	1	1
2141913	8	1	1
2141913	9	1	1
2141913	10	1	1
2141913	11	1	1
2141913	12	0	1
2141918	1	1	1
2141918	2	1	1
2141918	3	1	1
2141918	4	1	1
2141918	5	1	1
2141932	1	1	1
2141932	2	1	1
2141932	3	1	1
2141932	4	1	1
2141932	5	1	1
2141932	6	1	1
2141932	7	1	1
2141932	8	1	1
2141932	9	1	1
2141932	10	1	1
2141933	1	0	1
2141940	1	1	1
2141940	2	1	1
2141940	3	1	1
2141940	4	1	1
2141940	5	1	1
2141940	6	1	1
2141940	7	1	1
2141940	8	1	1
2141940	9	1	1
2141940	10	1	1
2141940	11	1	1
2141940	12	0	1
2141958	1	1	1
2141958	2	1	1
2141970	1	1	1
2142327	1	1	1
2142327	2	1	1
2142340	1	1	1
2142340	2	1	1
2142369	2	1	1
2142369	3	1	1
2142607	1	0	1
2142611	1	1	1
2142611	2	1	1
2142611	3	1	1
2142611	4	1	1
2142661	2	0	1
2142661	4	0	1
2142705	1	1	1
2142705	2	1	1
2142705	3	1	1
2142705	4	1	1
2142809	1	1	1
2142809	2	1	1
2142821	2	0	1
2142932	1	1	1
2142932	2	1	1
2143027	1	1	1
2143027	2	1	1
2143110	2	0	1
2150146	1	0	1
2150146	3	0	1
2150146	5	0	1
2150242	2	0	1
2150258	1	0	1
2150266	1	1	1
2150266	2	1	1
2150267	1	1	1
2150267	2	1	1
2150537	1	1	1
2150537	2	1	1
2150537	3	1	1
2150635	3	0	1
2150728	1	1	1
2150728	2	1	1
2150767	1	1	1
2150767	2	1	1
2150767	3	1	1
2150767	4	1	1
2150767	5	1	1
2150767	6	1	1
2150767	7	1	1
2150767	8	1	1
2150767	9	1	1
2150767	10	1	1
2150767	11	1	1
2150767	12	0	1
2150818	1	0	1
2150903	1	1	1
2150903	2	1	1
2150904	2	0	1
2150922	1	1	1
2150922	2	1	1
2150922	3	1	1
2150922	4	1	1
2150922	5	1	1
2150922	6	1	1
2150928	1	1	1
2150928	2	1	1
2150929	1	1	1
2150929	2	1	1
2151032	1	1	1
2151032	2	0	1
2151535	1	1	1
2151535	2	1	1
2151535	3	1	1
2151535	4	1	1
2151537	2	0	1
2151555	1	1	1
2151555	2	1	1
2151555	3	1	1
2151555	4	1	1
2151555	5	1	1
2151555	6	1	1
2151555	7	1	1
2151618	2	0	1
2151637	1	1	1
2151637	2	1	1
2151639	1	1	1
2151639	2	1	1
2151657	1	1	1
2151657	2	1	1
2151657	3	1	1
2151657	4	1	1
2151745	1	1	1
2151745	2	1	1
2151749	2	0	1
2151759	1	1	1
2151759	2	1	1
2151760	1	1	1
2151760	2	1	1
2151760	3	1	1
2152156	2	0	1
2152221	2	0	1
2152310	1	0	1
2152503	2	0	1
2160148	2	0	1
2160204	1	1	1
2160204	2	1	1
2160233	1	0	1
2160418	1	1	1
2160418	2	1	1
2160418	3	1	1
2160418	4	1	1
2160418	5	1	1
2160418	6	1	1
2160418	7	1	1
2160418	8	1	1
2160418	9	1	1
2160418	10	1	1
2160418	11	1	1
2160418	12	0	1
2160472	1	1	1
2160472	2	1	1
2160472	3	1	1
2160742	2	0	1
2160764	1	1	1
2160764	2	1	1
2160801	1	1	1
2160801	2	1	1
2160801	3	1	1
2160801	4	1	1
2160801	5	1	1
2160801	6	1	1
2160801	7	1	1
2160801	8	1	1
2160801	9	1	1
2160801	10	1	1
2160801	11	1	1
2160801	12	0	1
2160804	2	0	1
2160826	1	0	1
2160965	1	1	1
2160965	2	1	1
2160965	3	1	1
2160965	4	1	1
2160966	1	1	1
2160966	2	1	1
2160966	3	1	1
2160966	4	1	1
2160969	1	1	1
2160969	2	1	1
2161006	1	0	1
2161006	9	1	1
2161021	1	1	1
2161021	2	1	1
2161021	3	0	1
2161021	5	1	1
2161101	1	1	1
2161101	2	1	1
2161101	3	1	1
2161101	4	1	1
2161101	5	1	1
2161101	6	1	1
2161101	7	1	1
2161105	2	1	1
2161105	3	1	1
2161105	4	0	1
2161167	1	0	1
2161203	1	1	1
2161203	2	1	1
2161209	2	0	1
2161673	1	1	1
2161673	2	1	1
2161673	3	1	1
2161673	4	1	1
2161673	5	1	1
2161673	6	1	1
2161766	1	1	1
2161766	2	1	1
2161766	3	1	1
2161766	4	1	1
2161810	1	1	1
2161810	2	0	1
2161810	4	1	1
2161810	5	1	1
2161810	6	1	1
2161811	1	0	1
2161820	3	0	1
2161875	1	1	1
2161875	2	1	1
2161903	1	1	1
2161903	2	1	1
2161934	2	0	1
2161936	2	0	1
2161972	1	1	1
2161972	2	1	1
2162055	1	1	1
2162055	2	1	1
2162207	1	1	1
2162207	2	1	1
2162207	3	1	1
2162207	4	1	1
2162242	1	0	1
2162272	2	0	1
2162470	1	1	1
2162470	2	1	1
2162501	1	1	1
2162501	2	1	1
2162501	3	1	1
2162501	4	1	1
2162501	5	1	1
2162501	6	1	1
2162501	7	1	1
2162501	8	1	1
2162501	9	1	1
2162501	10	1	1
2162501	11	1	1
2162501	12	0	1
2162523	1	1	1
2162523	2	1	1
2162524	1	1	1
2162524	2	1	1
2162524	3	1	1
2162538	2	0	1
2162610	1	1	1
2162610	2	1	1
2170242	1	1	1
2170242	2	1	1
2170242	3	1	1
2170242	4	1	1
2170242	5	1	1
2170242	6	1	1
2170359	1	1	1
2170359	2	1	1
2170360	1	1	1
2170360	2	1	1
2170365	1	1	1
2170365	2	1	1
2170626	2	0	1
2170758	1	1	1
2170758	2	1	1
2170758	3	1	1
2170758	4	1	1
2170763	1	1	1
2170763	2	1	1
2170763	3	1	1
2170831	3	1	1
2170831	4	0	1
2170974	4	0	1
2171161	2	1	1
2171161	3	1	1
2171161	4	1	1
2171161	5	1	1
2171161	6	0	1
2171251	1	1	1
2171251	2	1	1
2171306	1	0	1
2171307	1	1	1
2171307	2	1	1
2171307	3	1	1
2171307	4	1	1
2171307	5	1	1
2171307	6	1	1
2171307	7	1	1
2171307	8	1	1
2171317	1	1	1
2171317	2	1	1
2171356	1	1	1
2171356	2	1	1
2171356	3	1	1
2171356	4	1	1
2171356	5	1	1
2171356	6	1	1
2171356	7	1	1
2171356	8	1	1
2171664	1	1	1
2171664	2	1	1
2171707	5	1	1
2171707	6	1	1
2171707	7	1	1
2171707	8	0	1
2171750	2	0	1
2171905	1	1	1
2171905	2	1	1
2171905	3	1	1
2171905	4	1	1
2171905	5	1	1
2171905	6	1	1
2171931	2	0	1
2171962	2	0	1
2172028	1	1	1
2172028	2	1	1
2172203	1	1	1
2172203	2	1	1
2172203	3	1	1
2172203	4	1	1
2172203	5	1	1
2172203	6	0	1
2172203	8	1	1
2172232	1	0	1
2172234	1	1	1
2172234	2	1	1
2172234	3	1	1
2172234	4	1	1
2172234	5	1	1
2172234	6	1	1
2172234	7	1	1
2172242	1	1	1
2172242	2	1	1
2172242	3	1	1
2172302	1	0	1
2172440	1	0	1
2172440	5	1	1
2172440	6	1	1
2172440	7	1	1
2172440	8	1	1
2172440	9	1	1
2172440	10	1	1
2172440	11	1	1
2172440	12	0	1
2172441	1	1	1
2172441	2	1	1
2172441	3	1	1
2172441	4	1	1
2172442	1	1	1
2172442	2	1	1
2172454	2	0	1
2172471	1	1	1
2172471	2	1	1
2172471	3	1	1
2172471	4	1	1
2172471	5	1	1
2172471	6	1	1
2172527	1	1	1
2172527	2	1	1
2172527	3	1	1
2172527	4	1	1
2172530	1	1	1
2172530	2	1	1
2172650	1	1	1
2172650	2	1	1
2172650	3	1	1
2172651	1	1	1
2172651	2	1	1
2172651	3	1	1
2172651	4	1	1
2172658	1	1	1
2172658	2	1	1
2172665	2	0	1
2172738	1	1	1
2172738	2	1	1
2172739	1	1	1
2172739	2	1	1
2172739	3	1	1
2172739	4	1	1
2172826	1	1	1
2172826	2	1	1
2172826	3	1	1
2172826	4	1	1
2173002	1	1	1
2173002	2	1	1
2173002	3	0	1
2173069	1	1	1
2173069	2	1	1
2173070	1	1	1
2173070	2	1	1
2173105	2	0	1
2173109	1	1	1
2173109	2	1	1
2173205	2	0	1
2173334	1	1	1
2173334	2	1	1
2173334	3	1	1
2173352	1	1	1
2173352	2	1	1
2173352	3	1	1
2173352	4	1	1
2173352	5	1	1
2173352	6	1	1
2173352	7	1	1
2173352	8	1	1
2173373	3	0	1
2173405	1	1	1
2173405	2	1	1
2173405	3	1	1
2173405	4	1	1
2173550	1	1	1
2173565	2	1	1
2173565	3	1	1
2173565	4	1	1
2173565	5	0	1
2173570	1	1	1
2173570	2	1	1
2173813	1	1	1
2173816	2	0	1
2173817	1	1	1
2173817	2	1	1
2173955	1	1	1
2173955	2	1	1
2174129	1	1	1
2174129	2	1	1
2180270	1	0	1
2180337	1	1	1
2180337	2	1	1
2180337	3	1	1
2180337	4	1	1
2180337	5	1	1
2180337	6	1	1
2180337	7	1	1
2180353	1	0	1
2180406	1	1	1
2180406	2	1	1
2180406	3	1	1
2180406	4	1	1
2180425	2	0	1
2200118	1	1	1
2200118	2	1	1
2200119	1	1	1
2200354	1	1	1
2200354	2	1	1
2200354	3	1	1
2200354	4	1	1
2200354	5	1	1
2200355	1	0	1
2200470	2	0	1
2210433	1	0	1
2210439	1	1	1
2210439	2	1	1
2210472	1	1	1
2210473	1	0	1
2210874	1	1	1
2210874	2	0	1
2211104	1	1	1
2211104	2	1	1
2211216	1	0	1
2211557	1	0	1
2220110	1	0	1
2220211	1	0	1
2220233	1	1	1
2220233	2	1	1
2220243	1	0	1
2220243	4	1	1
2220243	5	0	1
2220252	2	0	1
2220253	2	0	1
2220836	1	1	1
2220836	2	1	1
2221436	3	1	1
2221436	4	1	1
2221436	5	1	1
2221436	6	1	1
2221436	7	0	1
2221620	3	0	1
2221633	1	1	1
2221633	2	1	1
2221633	3	1	1
2221633	4	1	1
2221708	2	0	1
2221933	1	1	1
2221933	2	1	1
2221933	3	0	1
2221940	1	1	1
2221940	2	1	1
2222147	1	1	1
2222147	2	0	1
2222147	7	1	1
2222170	2	0	1
2222171	1	0	1
2222204	1	0	1
2222204	3	1	1
2222204	4	1	1
2222227	3	0	1
2222237	2	0	1
2222238	1	1	1
2222238	2	1	1
2222238	3	1	1
2222238	4	1	1
2222268	1	0	1
2222337	1	1	1
2222337	2	1	1
2222337	3	1	1
2222337	4	1	1
2222337	5	1	1
2222337	6	1	1
2222337	7	1	1
2222337	8	1	1
2222337	9	1	1
2222337	10	1	1
2222337	11	1	1
2222345	1	1	1
2222345	2	0	1
2222354	1	1	1
2222354	2	1	1
2222738	2	0	1
2223022	2	1	1
2223022	3	0	1
2223030	1	1	1
2223030	2	1	1
2223034	1	0	1
2223036	1	1	1
2223036	2	1	1
2223037	1	1	1
2223037	2	1	1
2223037	3	1	1
2223037	4	1	1
2223037	5	1	1
2223037	6	1	1
2223037	7	1	1
2223073	1	1	1
2223073	2	1	1
2223073	3	1	1
2223073	4	1	1
2223103	1	1	1
2223103	2	1	1
2223103	3	1	1
2223103	4	1	1
2223103	5	1	1
2223141	1	1	1
2223141	2	1	1
2223173	1	1	1
2223173	2	1	1
2223212	1	1	1
2223212	2	1	1
2223212	3	1	1
2223212	4	1	1
2223212	5	1	1
2223212	6	1	1
2223212	7	1	1
2223212	8	1	1
2223212	9	1	1
2223217	1	0	1
2223221	1	0	1
2223229	1	1	1
2223229	2	1	1
2223275	1	1	1
2223341	1	1	1
2223341	2	1	1
2223341	3	1	1
2223415	1	1	1
2223415	2	1	1
2223418	1	1	1
2223418	2	1	1
2223418	3	1	1
2223418	4	1	1
2223418	5	1	1
2223418	6	1	1
2223516	1	1	1
2223516	2	1	1
2223520	2	0	1
2223550	1	1	1
2223550	2	1	1
2223660	1	1	1
2223660	2	1	1
2223660	3	1	1
2223660	4	1	1
2223660	5	1	1
2223660	6	1	1
2223760	1	0	1
2223760	3	1	1
2223775	1	1	1
2223775	2	1	1
2223775	3	1	1
2223775	4	1	1
2223775	5	1	1
2223775	6	1	1
2223775	7	1	1
2223775	8	1	1
2223775	9	1	1
2224033	2	1	1
2224033	3	1	1
2224033	4	0	1
2224074	1	1	1
2224074	2	1	1
2224074	3	1	1
2224074	4	1	1
2224074	5	1	1
2224127	3	1	1
2224127	4	0	1
2224441	1	1	1
2224441	2	1	1
2224441	3	1	1
2224441	4	1	1
2224443	1	0	1
2224443	3	1	1
2224443	4	1	1
2224448	1	0	1
2224448	3	0	1
2224457	1	1	1
2224457	2	1	1
2224457	3	1	1
2224457	4	1	1
2224457	5	1	1
2224457	6	1	1
2224457	7	1	1
2224458	3	0	1
2224527	1	0	1
2224527	3	1	1
2224527	4	1	1
2224545	1	1	1
2224545	2	1	1
2224545	3	1	1
2224545	4	1	1
2224612	6	0	1
2230119	1	0	1
2230119	3	1	1
2230119	4	1	1
2230119	5	1	1
2230119	6	1	1
2230121	1	1	1
2230121	2	1	1
2230205	1	1	1
2230205	2	1	1
2230205	3	1	1
2230205	4	1	1
2230205	5	1	1
2230205	6	1	1
2230254	1	0	1
2230317	1	0	1
2230317	3	1	1
2230317	4	1	1
2230317	5	1	1
2230356	1	0	1
2230519	2	0	1
2230559	3	0	1
2230565	2	0	1
2230566	1	1	1
2230755	1	1	1
2230755	2	0	1
2231040	1	1	1
2231040	2	1	1
2231040	3	1	1
2231040	4	1	1
2231040	5	1	1
2231040	6	0	1
2231040	9	1	1
2231111	2	0	1
2231208	1	1	1
2231208	2	1	1
2231208	3	1	1
2231208	4	1	1
2231208	5	1	1
2231208	6	1	1
2231208	7	1	1
2231208	8	1	1
2231227	1	1	1
2231265	1	1	1
2231265	2	1	1
2231265	3	1	1
2231265	4	1	1
2231813	1	0	1
2231825	1	1	1
2231825	2	1	1
2231825	3	1	1
2231825	4	1	1
2231825	5	1	1
2231825	6	1	1
2231925	1	0	1
2231941	1	1	1
2231941	2	1	1
2232022	1	1	1
2232022	2	1	1
2232022	3	1	1
2232022	4	1	1
2232022	5	1	1
2232022	6	1	1
2232022	7	1	1
2232022	8	1	1
2232022	9	1	1
2232242	1	1	1
2232242	2	1	1
2232311	1	0	1
2232311	3	1	1
2232311	4	1	1
2232311	5	1	1
2232311	6	1	1
2232311	7	1	1
2232312	1	1	1
2232312	2	1	1
2232312	3	1	1
2232312	4	1	1
2240323	2	0	1
2240340	1	1	1
2240340	2	1	1
2240340	3	1	1
2240341	1	1	1
2240341	2	1	1
2240404	3	0	1
2240422	1	1	1
2240422	2	1	1
2240423	2	1	1
2240423	3	1	1
2240423	4	1	1
2240423	5	1	1
2240423	6	0	1
2240425	1	1	1
2240425	2	1	1
2240425	3	1	1
2240425	4	1	1
2240438	1	1	1
2240439	1	1	1
2240439	2	1	1
2240547	1	1	1
2240547	2	1	1
2240607	2	1	1
2240607	3	1	1
2240607	4	1	1
2240607	5	1	1
2240607	6	0	1
2240669	1	1	1
2240753	2	1	1
2240753	3	0	1
2240802	1	1	1
2240802	2	1	1
2240804	1	0	1
2240804	3	0	1
2240823	2	0	1
2240846	1	0	1
2241125	2	0	1
2241133	1	1	1
2241133	2	1	1
2241133	3	1	1
2241133	4	1	1
2241133	5	1	1
2241133	6	1	1
2241133	7	1	1
2241133	8	1	1
2241134	1	1	1
2241135	1	0	1
2241137	1	1	1
2241137	2	1	1
2241166	2	0	1
2241226	1	0	1
2241252	2	0	1
2241267	5	0	1
2241267	7	0	1
2241268	1	1	1
2241268	2	1	1
2241268	3	1	1
2241268	4	1	1
2241268	5	1	1
2241268	6	1	1
2241268	7	1	1
2241268	8	1	1
2241268	9	1	1
2241268	10	1	1
2241268	11	1	1
2241268	12	0	1
2241416	1	1	1
2241417	1	1	1
2241417	2	1	1
2241418	1	0	1
2241418	3	1	1
2241418	4	1	1
2241437	1	0	1
2241524	1	1	1
2241524	2	1	1
2241524	3	0	1
2241853	2	0	1
2241862	1	1	1
2241862	2	1	1
2241862	3	1	1
2241862	4	1	1
2241905	2	0	1
2241926	1	1	1
2241926	2	1	1
2241926	3	1	1
2241926	4	1	1
2241926	5	1	1
2241926	6	1	1
2241926	7	1	1
2242230	1	1	1
2242230	2	1	1
2242230	3	1	1
2242230	4	1	1
2242230	5	1	1
2242247	1	1	1
2242247	2	1	1
2242247	3	1	1
2242247	4	1	1
2242247	5	1	1
2242452	2	0	1
2242473	1	0	1
2242639	1	1	1
2242639	2	1	1
2242744	2	0	1
2242860	1	1	1
2242860	2	1	1
2242860	3	1	1
2242860	4	1	1
2242860	5	1	1
2242860	6	1	1
2242860	7	1	1
2242860	8	1	1
2242860	9	1	1
2242947	1	1	1
2242947	2	0	1
2242970	1	1	1
2242970	2	1	1
2242973	1	1	1
2242973	2	1	1
2243222	1	0	1
2243302	2	0	1
2243303	3	0	1
2243339	1	1	1
2243339	2	1	1
2243375	1	1	1
2243375	2	1	1
2243502	1	1	1
2243502	2	1	1
2243502	3	1	1
2243512	1	0	1
2243669	2	0	1
2243720	1	1	1
2243720	2	1	1
2243720	3	1	1
2243720	4	1	1
2243770	1	1	1
2243770	2	0	1
2243770	4	0	1
2243770	6	1	1
2243918	1	1	1
2243918	2	1	1
2250119	1	1	1
2250119	2	1	1
2250201	1	0	1
2250201	3	1	1
2250201	4	1	1
2250205	1	1	1
2250205	2	1	1
2250205	3	1	1
2250647	1	1	1
2250647	2	1	1
2250648	1	1	1
2250648	2	1	1
2250648	3	1	1
2250648	4	1	1
2250648	5	1	1
2250725	2	0	1
2251209	2	1	1
2251209	3	1	1
2251209	4	1	1
2251209	5	1	1
2251209	6	1	1
2251209	7	1	1
2251209	8	1	1
2251209	9	1	1
2251209	10	0	1
2251332	1	1	1
2251332	2	1	1
2251409	1	1	1
2251409	2	1	1
2251514	1	1	1
2251514	2	1	1
2251514	3	1	1
2251514	4	1	1
2251514	5	1	1
2251514	6	1	1
2251514	7	1	1
2251514	8	1	1
2251514	9	1	1
2251829	1	1	1
2251829	2	1	1
2251829	3	0	1
2251942	1	0	1
2251948	1	1	1
2251948	2	1	1
2251949	1	0	1
2252045	1	1	1
2252045	2	1	1
2252045	3	1	1
2252061	1	0	1
2252111	1	1	1
2252111	2	1	1
2252112	1	1	1
2252112	2	1	1
2252165	1	0	1
2252165	3	1	1
2252165	4	1	1
2252165	5	1	1
2252165	6	1	1
2252171	1	0	1
2252366	2	1	1
2252366	3	1	1
2252366	4	0	1
2252505	2	0	1
2260351	1	1	1
2260351	2	1	1
2260351	3	1	1
2260353	1	1	1
2260353	2	1	1
2260416	2	1	1
2260416	3	1	1
2260416	4	1	1
2260416	5	0	1
2260549	2	0	1
2260731	2	0	1
2260732	2	0	1
2260733	1	1	1
2260733	2	1	1
2260928	1	0	1
2261052	1	1	1
2261052	2	1	1
2261116	1	1	1
2261116	2	1	1
2261143	2	0	1
2261336	1	1	1
2261336	2	1	1
2261410	2	0	1
2261528	1	1	1
2261674	1	1	1
2261674	2	1	1
2261702	1	1	1
2261702	2	1	1
2261702	3	1	1
2270372	1	1	1
2270372	2	1	1
2270414	1	1	1
2270414	2	1	1
2270444	1	1	1
2270444	2	1	1
2270444	3	1	1
2270444	4	1	1
2270444	5	1	1
2270547	1	1	1
2270547	2	1	1
2270613	2	1	1
2270613	3	1	1
2270614	1	1	1
2270614	2	1	1
2270801	1	1	1
2270801	2	1	1
2270961	1	1	1
2270961	2	1	1
2270963	1	1	1
2270963	2	1	1
2271012	2	0	1
2271021	2	1	1
2271021	3	0	1
2271021	5	0	1
2271021	7	0	1
2271108	1	1	1
2271108	2	1	1
2271110	1	1	1
2271110	2	1	1
2271135	1	1	1
2271135	2	1	1
2271135	3	1	1
2271135	4	1	1
2271135	5	1	1
2271135	6	1	1
2271135	7	1	1
2271341	1	1	1
2271341	2	1	1
2271341	3	1	1
2271341	4	0	1
2271342	1	1	1
2271342	2	1	1
2271342	3	1	1
2271342	4	1	1
2271342	5	1	1
2271342	6	1	1
2271342	7	1	1
2271342	8	1	1
2271342	9	1	1
2271342	10	1	1
2271342	11	1	1
2271342	12	0	1
2271344	2	0	1
2271440	1	1	1
2271440	2	1	1
2271440	3	1	1
2271453	1	1	1
2271453	2	1	1
2271456	1	1	1
2271456	2	1	1
2271844	1	1	1
2271844	2	1	1
2271844	3	1	1
2271844	4	1	1
2271845	1	1	1
2271845	2	1	1
2271848	1	1	1
2271848	2	1	1
2271848	3	1	1
2272022	1	1	1
2272022	2	1	1
2272022	3	1	1
2272039	1	1	1
2272039	2	1	1
2272039	3	1	1
2272039	4	1	1
2272039	5	1	1
2272039	6	1	1
2272039	7	1	1
2272039	8	1	1
2272039	9	1	1
2272039	10	1	1
2272118	1	1	1
2272118	2	1	1
2272161	1	1	1
2272161	2	1	1
2272161	3	1	1
2272161	4	1	1
2272235	3	1	1
2272258	1	1	1
2272258	2	1	1
2272274	1	1	1
2272274	2	1	1
2272310	1	1	1
2272310	2	1	1
2272310	3	1	1
2272310	4	1	1
2272459	1	1	1
2272459	2	1	1
2272459	3	1	1
2272459	4	1	1
2272459	5	0	1
2272526	1	1	1
2272526	2	1	1
2272555	2	1	1
2272555	3	0	1
2272561	2	0	1
2272561	4	0	1
2272656	1	1	1
2272656	2	1	1
2272657	1	1	1
2272657	2	1	1
2272657	3	1	1
2272753	2	0	1
2272772	1	0	1
2272819	1	1	1
2272819	2	1	1
2272840	2	0	1
2272874	1	1	1
2272874	2	1	1
2272874	3	1	1
2272874	4	1	1
2272913	1	1	1
2272913	2	1	1
2273027	1	1	1
2273027	2	1	1
2273029	1	1	1
2273029	2	1	1
2273102	1	1	1
2273102	2	0	1
2273111	1	1	1
2273111	2	1	1
2273111	3	1	1
2273111	4	1	1
2273111	5	1	1
2273111	6	1	1
2280121	2	0	1
2280130	2	0	1
2280225	1	1	1
2280225	2	1	1
2280225	3	1	1
2280225	4	1	1
2280303	1	0	1
2280366	1	0	1
2280463	2	0	1
2280730	1	0	1
2280837	1	1	1
2280837	2	1	1
2280837	3	1	1
2280837	4	1	1
2280837	5	1	1
2280837	6	1	1
2280837	7	1	1
2280837	8	1	1
2280837	9	0	1
2280848	1	0	1
2280942	1	1	1
2280961	1	0	1
2281075	2	0	1
2281232	1	1	1
2281232	2	1	1
2281254	4	0	1
2281308	1	1	1
2281308	2	1	1
2281332	2	1	1
2281332	3	0	1
2281334	4	0	1
2281365	1	1	1
2281365	2	0	1
2281365	9	1	1
2281511	1	1	1
2281511	2	1	1
2281511	3	0	1
2281537	1	1	1
2281537	2	1	1
2281537	3	1	1
2281537	4	1	1
2281537	5	1	1
2281537	6	1	1
2281537	7	1	1
2281537	8	1	1
2281537	9	1	1
2281537	10	1	1
2281537	11	1	1
2281537	12	0	1
2281538	1	1	1
2281538	2	1	1
2281619	2	0	1
2281713	1	1	1
2281713	2	0	1
2281713	4	1	1
2282105	1	1	1
2282105	2	1	1
2282149	1	1	1
2282166	1	0	1
2282322	1	0	1
2282343	1	1	1
2282343	2	1	1
2282447	1	1	1
2282447	2	1	1
2282447	3	1	1
2282447	4	1	1
2282447	5	1	1
2282447	6	1	1
2290333	1	1	1
2290333	2	1	1
2290333	3	1	1
2290373	1	1	1
2290373	2	1	1
2290407	1	1	1
2290407	2	1	1
2290430	1	1	1
2290430	2	1	1
2290430	3	1	1
2290430	4	1	1
2290469	1	1	1
2290469	2	1	1
2290664	1	1	1
2290664	2	1	1
2290806	1	1	1
2290806	2	1	1
2290847	1	1	1
2290847	2	1	1
2290847	3	1	1
2290859	1	1	1
2290859	2	1	1
2290859	3	1	1
2290859	4	1	1
2290859	5	1	1
2290859	6	1	1
2290859	7	1	1
2290859	8	1	1
2290859	9	1	1
2291074	2	0	1
2291213	1	1	1
2291213	2	1	1
2291213	3	0	1
2291213	6	1	1
2291435	1	0	1
2291435	3	1	1
2291435	4	0	1
2291533	1	0	1
2291674	1	1	1
2291674	2	1	1
2291674	3	1	1
2291674	4	1	1
2291737	1	1	1
2291737	2	1	1
2291737	3	1	1
2291737	4	1	1
2291737	5	1	1
2291738	1	1	1
2291738	2	1	1
2291739	1	1	1
2291739	2	1	1
2291739	3	1	1
2291739	4	1	1
2291739	5	1	1
2291739	6	1	1
2291739	7	1	1
2291739	8	1	1
2291739	9	1	1
2291739	10	1	1
2291739	11	1	1
2291739	12	0	1
2291747	1	1	1
2291747	2	1	1
2291819	1	1	1
2291819	2	1	1
2291819	3	1	1
2291819	4	1	1
2291819	5	1	1
2291868	1	0	1
2291869	1	1	1
2291869	2	1	1
2291910	1	0	1
2291949	2	0	1
2292102	1	1	1
2292102	2	1	1
2292123	1	1	1
2292134	1	1	1
2292134	2	1	1
2292134	3	1	1
2292344	1	0	1
2292428	1	1	1
2292428	2	1	1
2292428	3	1	1
2292428	4	1	1
2292428	5	1	1
2292428	6	1	1
2292428	7	1	1
2292428	8	1	1
2292433	1	1	1
2292433	2	1	1
2292433	3	1	1
2292433	4	1	1
2292443	2	0	1
2310320	2	0	1
2310444	3	0	1
2310514	1	1	1
2310514	2	0	1
2320211	1	1	1
2320211	2	1	1
2330138	2	0	1
2330258	2	0	1
2330518	1	0	1
2330518	3	0	1
2330671	1	1	1
2330671	2	1	1
2330671	3	1	1
2330671	4	1	1
2330671	5	1	1
2330671	6	1	1
2330671	7	1	1
2330671	8	1	1
2330671	9	1	1
2330671	10	1	1
2330671	11	1	1
2330671	12	0	1
2330731	4	0	1
2340119	1	1	1
2340119	2	1	1
2340244	2	0	1
2340275	1	1	1
2340275	2	1	1
2340275	3	0	1
2340302	1	1	1
2340302	2	1	1
2340332	1	1	1
2340332	2	1	1
2340332	3	1	1
2340332	4	1	1
2340358	1	1	1
2340358	2	1	1
2340358	3	1	1
2340358	4	1	1
2340358	5	1	1
2340358	6	1	1
2340358	7	1	1
2340358	8	1	1
2340358	9	1	1
2340358	10	1	1
2340460	1	1	1
2340460	2	1	1
2340461	1	1	1
2340461	2	1	1
2340461	3	1	1
2340461	4	1	1
2340464	2	1	1
2340464	3	1	1
2340464	4	0	1
2340468	2	0	1
2340553	12	0	1
2340557	3	0	1
2340813	1	1	1
2340832	1	1	1
2340832	2	1	1
2340922	2	1	1
2340922	3	1	1
2340922	4	0	1
2341057	1	1	1
2341057	2	1	1
2341102	1	1	1
2341102	2	1	1
2341365	1	1	1
2341365	2	1	1
2341373	1	0	1
2341473	1	1	1
2341473	2	1	1
2341473	3	1	1
2341473	4	1	1
2341473	5	1	1
2341473	6	1	1
2350139	1	1	1
2350139	2	1	1
2350139	3	1	1
2350141	1	1	1
2350141	2	1	1
2350149	1	1	1
2350149	2	1	1
2350153	1	0	1
2350165	1	1	1
2350165	2	1	1
2350165	3	1	1
2350165	4	1	1
2350166	1	1	1
2350166	2	1	1
2350166	3	1	1
2350453	2	0	1
2350646	1	1	1
2350646	2	1	1
2350671	1	1	1
2350671	2	1	1
2350671	3	1	1
2350671	4	0	1
2350672	2	1	1
2350672	3	1	1
2350672	4	1	1
2350672	5	1	1
2350672	6	1	1
2350672	7	1	1
2350672	8	0	1
2350830	1	1	1
2350830	2	1	1
2351212	1	1	1
2351212	2	1	1
2351214	1	1	1
2351214	2	1	1
2351216	1	1	1
2351216	2	1	1
2351216	3	1	1
2351217	1	0	1
2351342	1	1	1
2351342	2	1	1
2351345	1	0	1
2351638	2	0	1
2351672	1	0	1
2351731	1	1	1
2351731	2	1	1
2352640	1	0	1
2352640	3	1	1
2352640	4	1	1
2352640	5	1	1
2352640	6	1	1
2352843	1	1	1
2352843	2	1	1
2352843	3	1	1
2352844	1	1	1
2352844	2	1	1
2352844	3	1	1
2352844	4	1	1
2352844	5	1	1
2352844	6	1	1
2352952	1	0	1
2353005	1	1	1
2353005	2	1	1
2353016	2	0	1
2353049	1	1	1
2353049	2	1	1
2353049	3	1	1
2353049	4	1	1
2353049	5	1	1
2353049	6	1	1
2353049	7	1	1
2353131	1	1	1
2353131	2	1	1
2353131	3	1	1
2353131	4	1	1
2353131	5	1	1
2353131	6	1	1
2353131	7	1	1
2353131	8	1	1
2353131	9	1	1
2353131	10	1	1
2353131	11	1	1
2353131	12	0	1
2353175	1	1	1
2353175	2	1	1
2353175	3	1	1
2353253	1	1	1
2353253	2	1	1
2353253	3	1	1
2353253	4	1	1
2353258	2	0	1
2353258	6	0	1
2353272	1	1	1
2353272	2	1	1
2353336	2	0	1
2353338	3	0	1
2353340	1	1	1
2353340	2	1	1
2353340	3	0	1
2353340	5	1	1
2353340	6	1	1
2353340	7	1	1
2353340	8	1	1
2353359	1	1	1
2353359	2	1	1
2353359	3	1	1
2353359	4	1	1
2353359	5	1	1
2353359	6	1	1
2353419	1	0	1
2353421	2	1	1
2353421	3	1	1
2353421	4	0	1
2353526	2	0	1
2353526	5	0	1
2353526	7	1	1
2353526	8	0	1
2353527	2	1	1
2353527	3	1	1
2353527	4	1	1
2353527	5	0	1
2353622	1	0	1
2353645	2	0	1
2353667	1	1	1
2353667	2	1	1
2353667	3	1	1
2353667	4	1	1
2353667	5	1	1
2353667	6	1	1
2353745	1	1	1
2353745	2	1	1
2353745	3	1	1
2353745	4	1	1
2353745	5	1	1
2353871	1	1	1
2353871	2	1	1
2353872	1	1	1
2353872	2	1	1
2353940	2	0	1
2353954	1	1	1
2353954	2	1	1
2353954	3	1	1
2353954	4	1	1
2354119	1	1	1
2354119	2	1	1
2354119	3	1	1
2354119	4	1	1
2354138	1	1	1
2354138	2	1	1
2354139	1	1	1
2354139	2	1	1
2354141	1	1	1
2354141	2	1	1
2354171	1	1	1
2354171	2	1	1
2354251	1	1	1
2354251	2	1	1
2354252	2	1	1
2354252	3	1	1
2354252	4	0	1
2354271	1	1	1
2354607	1	1	1
2354607	2	1	1
2354607	3	1	1
2354607	4	1	1
2354640	2	0	1
2354665	1	1	1
2354665	2	1	1
2354665	3	1	1
2354665	4	1	1
2354665	5	1	1
2354665	6	1	1
2360240	1	0	1
2360332	1	1	1
2360332	2	1	1
2360332	3	1	1
2360332	4	1	1
2360332	5	1	1
2360332	6	1	1
2360332	7	1	1
2360332	8	1	1
2360332	9	1	1
2360332	10	1	1
2360332	11	1	1
2360332	12	0	1
2360423	1	1	1
2360456	1	1	1
2360456	2	1	1
2360458	2	0	1
2360462	1	1	1
2360462	2	1	1
2360462	3	1	1
2360462	4	1	1
2360550	1	1	1
2360550	2	1	1
2360858	1	1	1
2360858	2	1	1
2360917	2	0	1
2360962	1	1	1
2360962	2	1	1
2361132	1	1	1
2361132	2	1	1
2361132	3	1	1
2361132	4	1	1
2361135	1	1	1
2361135	2	1	1
2361135	3	1	1
2361136	1	1	1
2361136	2	1	1
2361171	1	0	1
2361174	1	1	1
2361174	2	1	1
2361174	3	1	1
2361174	4	1	1
2361174	5	1	1
2361174	6	1	1
2361174	7	1	1
2361174	8	1	1
2361174	9	1	1
2361174	10	1	1
2361174	11	1	1
2361174	12	0	1
2361175	1	1	1
2361175	2	1	1
2361220	1	1	1
2361220	2	1	1
2361220	3	1	1
2361220	4	1	1
2361220	5	0	1
2361232	1	1	1
2361232	2	1	1
2361232	3	1	1
2361232	4	1	1
2361232	5	1	1
2361232	6	1	1
2361232	7	1	1
2361232	8	1	1
2361232	9	1	1
2361232	10	1	1
2361232	11	1	1
2361232	12	0	1
2361252	1	1	1
2361252	2	1	1
2361252	3	1	1
2361252	4	1	1
2361252	5	1	1
2361252	6	1	1
2361252	7	1	1
2361252	8	1	1
2361252	9	1	1
2361252	10	1	1
2361252	11	1	1
2361252	12	0	1
2361320	2	0	1
2361327	1	1	1
2361327	2	1	1
2361336	1	1	1
2361336	2	1	1
2361336	3	1	1
2361336	4	1	1
2361336	5	1	1
2361425	1	1	1
2361425	2	1	1
2361455	1	1	1
2361455	2	1	1
2361530	1	1	1
2361530	2	1	1
2361530	3	1	1
2361530	4	1	1
2361530	5	1	1
2361675	2	0	1
2361725	5	0	1
2361727	2	0	1
2361828	1	0	1
2361975	3	0	1
2362004	1	1	1
2362004	2	1	1
2362004	3	1	1
2362004	4	1	1
2362004	5	1	1
2362004	6	1	1
2362004	7	1	1
2362018	1	1	1
2362018	2	1	1
2362018	3	1	1
2362018	4	1	1
2362019	1	1	1
2362019	2	1	1
2362119	1	1	1
2362119	2	1	1
2362119	3	1	1
2362175	1	1	1
2362175	2	1	1
2362244	1	1	1
2362257	1	1	1
2362257	2	1	1
2362257	3	1	1
2362257	4	1	1
2362257	5	1	1
2362257	6	1	1
2362257	7	1	1
2362259	1	1	1
2362259	2	1	1
2362503	3	1	1
2362503	4	1	1
2362503	5	0	1
2362507	2	0	1
2370366	1	0	1
2370366	3	1	1
2370366	4	1	1
2370366	5	0	1
2370366	7	0	1
2370366	9	1	1
2370744	3	0	1
2370766	1	1	1
2370766	2	1	1
2370927	1	1	1
2370927	2	1	1
2370932	2	0	1
2371061	1	1	1
2371061	2	1	1
2371061	3	1	1
2371061	4	1	1
2371061	5	1	1
2371125	1	1	1
2371125	2	1	1
2371170	2	1	1
2371170	3	0	1
2371455	2	0	1
2371613	1	1	1
2371613	2	1	1
2371614	1	0	1
2371620	4	0	1
2371621	1	0	1
2371630	2	0	1
2371668	1	1	1
2371668	2	1	1
2371702	1	1	1
2371702	2	1	1
2371702	3	1	1
2371702	4	1	1
2371702	5	1	1
2371702	6	1	1
2371702	7	1	1
2371702	8	1	1
2371702	9	1	1
2371702	10	1	1
2371702	11	1	1
2371702	12	0	1
2371734	2	0	1
2371858	1	1	1
2371858	2	1	1
2371858	3	0	1
2371863	1	1	1
2371863	2	1	1
2371863	3	1	1
2371864	1	0	1
2371865	1	1	1
2371866	1	1	1
2371866	2	1	1
2371867	1	1	1
2371867	2	1	1
2371867	3	1	1
2371867	4	1	1
2371867	5	1	1
2371867	6	1	1
2371867	7	1	1
2371867	8	1	1
2371867	9	1	1
2371867	10	1	1
2371867	11	1	1
2371953	1	1	1
2371958	1	1	1
2371958	2	1	1
2371975	1	0	1
2372031	1	1	1
2372031	2	1	1
2372031	3	1	1
2372031	4	1	1
2372240	1	0	1
2372319	1	1	1
2372319	2	1	1
2372512	1	1	1
2372512	2	1	1
2372551	4	0	1
2372552	1	1	1
2372552	2	1	1
2372552	3	1	1
2372619	1	1	1
2372619	2	1	1
2372619	3	1	1
2372619	4	1	1
2372619	5	1	1
2372619	6	1	1
2372619	7	1	1
2372619	8	1	1
2372619	9	1	1
2372643	1	1	1
2372643	2	1	1
2372643	3	1	1
2372643	4	1	1
2372643	5	1	1
2372643	6	1	1
2372643	7	1	1
2372643	8	1	1
2372643	9	1	1
2372643	10	1	1
2372643	11	1	1
2372643	12	0	1
2372649	1	1	1
2372649	2	1	1
2372650	1	1	1
2372650	2	1	1
2372652	1	1	1
2372652	2	1	1
2372653	1	1	1
2372653	2	1	1
2372656	1	1	1
2372656	2	1	1
2372656	3	1	1
2372701	2	0	1
2372703	2	1	1
2372703	3	0	1
2372705	1	1	1
2372705	2	1	1
2372705	3	1	1
2372705	4	1	1
2372705	5	1	1
2372706	1	0	1
2372707	1	1	1
2372707	2	1	1
2372707	3	1	1
2372707	4	1	1
2372709	1	1	1
2372709	2	1	1
2372709	3	1	1
2372710	3	0	1
2372711	1	1	1
2372711	2	1	1
2372712	1	1	1
2372712	2	1	1
2372712	3	1	1
2372712	4	1	1
2372712	5	1	1
2372809	1	1	1
2372809	2	1	1
2372809	3	1	1
2372809	4	1	1
2372811	1	1	1
2372824	2	0	1
2372825	1	1	1
2372828	2	0	1
2373069	1	1	1
2373069	2	1	1
2373328	1	1	1
2373328	2	1	1
2373335	1	1	1
2373335	2	1	1
2380114	1	1	1
2380114	2	1	1
2380114	3	1	1
2380114	4	1	1
2380114	5	1	1
2380114	6	1	1
2380114	7	1	1
2380321	1	1	1
2380321	2	1	1
2380323	1	1	1
2380332	1	1	1
2380332	2	1	1
2380332	3	1	1
2380332	4	1	1
2380332	5	1	1
2380332	6	1	1
2380332	7	1	1
2380367	1	1	1
2380367	2	1	1
2380374	1	1	1
2380439	1	1	1
2380439	2	1	1
2380448	2	0	1
2380824	1	1	1
2380824	2	1	1
2380825	1	1	1
2380825	2	1	1
2380933	1	1	1
2380933	2	1	1
2380933	3	1	1
2381015	1	1	1
2381015	2	1	1
2381032	1	1	1
2381032	2	1	1
2381032	3	1	1
2381032	4	1	1
2381228	1	1	1
2381228	2	1	1
2381228	3	1	1
2381228	4	1	1
2381228	5	1	1
2381228	6	1	1
2381229	1	1	1
2381229	2	1	1
2381229	3	1	1
2381229	4	1	1
2381229	5	1	1
2381352	1	1	1
2381352	2	1	1
2381460	1	1	1
2381460	2	1	1
2381460	3	1	1
2381460	4	0	1
2381460	10	1	1
2381503	4	1	1
2381503	5	1	1
2381503	6	0	1
2381527	2	0	1
2381667	1	1	1
2381667	2	1	1
2381750	1	1	1
2381750	2	1	1
2381834	1	1	1
2381834	2	1	1
2381834	3	1	1
2381834	4	1	1
2381834	5	1	1
2381834	6	1	1
2381834	7	1	1
2381834	8	1	1
2381834	9	1	1
2381834	10	1	1
2381834	11	1	1
2381834	12	0	1
2381968	1	1	1
2382238	1	0	1
2382267	1	1	1
2382267	2	1	1
2382267	3	1	1
2382267	4	1	1
2382267	5	1	1
2382267	6	1	1
2382267	7	1	1
2382267	8	1	1
2382267	9	1	1
2382267	10	1	1
2382267	11	1	1
2382267	12	0	1
2382310	1	1	1
2382310	2	1	1
2382310	3	1	1
2382310	4	1	1
2382310	5	1	1
2382310	6	1	1
2382310	7	1	1
2382310	8	1	1
2382310	9	1	1
2382406	1	0	1
2390101	1	1	1
2390101	2	1	1
2390223	1	1	1
2390223	2	1	1
2390341	1	1	1
2390341	2	1	1
2390371	1	1	1
2390556	7	0	1
2390635	1	1	1
2390635	2	0	1
2390635	4	1	1
2390704	1	0	1
2390729	2	0	1
2390971	1	1	1
2391334	1	0	1
2391402	2	0	1
2391456	1	1	1
2391456	2	1	1
2391458	1	1	1
2391536	2	0	1
2391718	1	0	1
2391829	2	0	1
2400122	1	1	1
2400122	2	1	1
2400238	1	0	1
2400314	1	1	1
2400314	2	1	1
2400314	3	1	1
2400314	4	1	1
2400342	2	0	1
2400533	1	1	1
2400533	2	1	1
2400533	3	1	1
2400533	4	1	1
2400533	5	1	1
2400708	1	1	1
2400708	2	1	1
2400708	3	1	1
2400708	4	1	1
2400973	1	0	1
2400973	3	1	1
2400973	4	1	1
2401069	1	1	1
2401069	2	1	1
2401214	1	1	1
2401214	2	1	1
2401239	1	1	1
2401239	2	0	1
2401260	1	1	1
2401260	2	1	1
2401260	3	1	1
2401260	4	1	1
2401266	2	0	1
2401359	2	1	1
2401359	3	0	1
2401422	1	1	1
2401422	2	1	1
2401422	3	1	1
2401422	4	1	1
2401440	1	1	1
2401440	2	1	1
2401442	1	1	1
2401442	2	1	1
2401442	3	1	1
2401607	1	0	1
2401703	1	1	1
2401703	2	1	1
2401703	3	1	1
2401703	4	1	1
2401703	5	1	1
2401703	6	1	1
2401703	7	1	1
2401703	8	1	1
2401703	9	1	1
2401703	10	1	1
2401703	11	1	1
2401703	12	0	1
2410125	1	0	1
2410126	1	1	1
2410126	2	1	1
2410126	3	1	1
2410126	4	1	1
2410221	1	1	1
2410221	2	1	1
2410222	1	1	1
2410222	2	1	1
2410229	1	1	1
2410229	2	1	1
2410244	1	1	1
2410244	2	0	1
2410244	4	0	1
2410244	6	1	1
2410244	7	1	1
2410244	8	0	1
2410244	10	1	1
2410244	11	1	1
2410244	12	0	1
2410448	1	1	1
2410448	2	1	1
2410448	3	1	1
2410448	4	1	1
2410448	5	1	1
2410448	6	1	1
2410460	1	1	1
2410526	1	1	1
2410526	2	1	1
2410526	3	1	1
2410526	4	1	1
2410650	1	1	1
2410650	2	1	1
2410752	1	0	1
2410810	2	0	1
2410818	2	0	1
2410822	1	1	1
2410822	2	1	1
2410828	1	1	1
2410828	2	1	1
2410828	3	1	1
2410828	4	1	1
2410828	5	1	1
2410828	6	1	1
2410828	7	1	1
2410828	8	1	1
2410828	9	1	1
2410828	10	1	1
2410828	11	1	1
2410828	12	0	1
2410832	2	0	1
2411062	1	1	1
2411062	2	0	1
2411063	8	1	1
2411063	9	0	1
2411074	1	1	1
2411074	2	1	1
2411074	3	1	1
2411074	4	1	1
2411074	5	1	1
2411074	6	1	1
2411074	7	1	1
2411074	8	1	1
2411074	9	1	1
2411074	10	1	1
2411074	11	1	1
2411074	12	0	1
2411112	1	1	1
2411112	2	1	1
2411270	2	0	1
2411270	5	0	1
2411335	1	1	1
2411335	2	1	1
2411335	3	1	1
2411335	4	1	1
2411335	5	1	1
2411335	6	1	1
2411610	2	0	1
2411635	1	1	1
2411635	2	1	1
2411730	1	1	1
2411730	2	1	1
2411730	3	1	1
2411730	4	1	1
2411734	1	0	1
2411760	1	1	1
2411760	2	1	1
2411760	3	1	1
2411760	4	1	1
2411760	5	1	1
2411760	6	1	1
2411761	1	1	1
2411761	2	1	1
2411761	3	1	1
2411761	4	1	1
2411761	5	1	1
2411761	6	1	1
2412034	1	1	1
2412034	2	0	1
2412034	4	1	1
2412034	5	1	1
2412034	6	0	1
2412035	1	1	1
2412035	2	1	1
2412050	3	0	1
2412064	1	1	1
2412064	2	1	1
2412064	3	1	1
2412111	1	1	1
2412111	2	1	1
2412111	3	1	1
2412111	4	1	1
2412209	1	1	1
2412209	2	1	1
2412232	1	0	1
2412245	1	1	1
2412245	2	1	1
2412514	1	1	1
2412514	2	1	1
2412514	3	1	1
2412514	4	1	1
2412536	1	0	1
2412536	3	0	1
2412570	1	1	1
2412570	2	1	1
2413110	1	1	1
2413110	2	1	1
2413110	3	1	1
2413110	4	1	1
2413110	5	1	1
2413144	1	1	1
2413144	2	1	1
2413144	3	1	1
2413144	4	1	1
2413144	5	1	1
2413144	6	1	1
2413144	7	1	1
2413144	8	1	1
2413144	9	1	1
2420101	6	0	1
2420101	10	0	1
2420127	2	0	1
2420211	1	0	1
2420211	3	1	1
2420211	4	0	1
2420238	1	1	1
2420238	2	1	1
2420418	1	1	1
2420418	2	1	1
2420418	3	1	1
2420418	4	1	1
2420418	5	1	1
2420549	1	1	1
2420549	2	1	1
2420620	1	0	1
2420632	1	1	1
2420632	2	1	1
2420654	2	0	1
2420658	1	0	1
2420667	1	1	1
2420667	2	1	1
2420824	1	1	1
2420824	2	1	1
2420824	3	1	1
2420824	4	1	1
2420824	5	1	1
2420916	1	1	1
2420916	2	1	1
2420929	1	1	1
2420929	2	1	1
2420961	1	1	1
2420961	2	1	1
2421141	2	0	1
2421158	1	1	1
2421158	2	1	1
2421247	1	1	1
2421247	2	1	1
2421248	1	1	1
2421248	2	1	1
2421248	3	1	1
2421248	4	1	1
2421248	5	1	1
2421541	1	1	1
2421541	2	0	1
2421541	4	1	1
2421609	1	1	1
2421609	2	1	1
2421630	1	1	1
2421630	2	1	1
2421630	3	1	1
2421630	4	1	1
2421630	5	1	1
2421654	1	1	1
2421654	2	1	1
2421654	3	1	1
2421654	4	1	1
2421654	5	1	1
2421654	6	1	1
2421711	1	1	1
2421711	2	1	1
2421711	3	1	1
2421711	4	0	1
2421809	3	0	1
2421875	1	1	1
2421875	2	1	1
2421911	1	1	1
2421911	2	0	1
2421911	4	1	1
2421911	5	1	1
2421911	6	1	1
2421911	7	1	1
2421911	8	1	1
2421911	9	1	1
2421941	1	1	1
2421941	2	1	1
2421973	1	1	1
2421973	2	1	1
2421973	3	1	1
2421973	4	1	1
2421973	5	1	1
2421973	6	1	1
2421973	7	1	1
2421974	1	0	1
2422004	1	1	1
2422004	2	1	1
2422008	2	0	1
2422070	1	1	1
2422070	2	0	1
2422070	4	1	1
2422174	1	1	1
2422174	2	1	1
2422174	3	1	1
2422174	4	1	1
2422174	5	1	1
2422174	6	1	1
2422174	7	1	1
2422309	2	0	1
2422331	1	0	1
2422511	1	1	1
2422511	2	1	1
2422511	3	0	1
2422636	2	1	1
2422636	3	0	1
2422636	5	0	1
2422638	1	1	1
2422638	2	1	1
2422645	1	1	1
2422645	2	1	1
2422645	3	1	1
2422645	4	1	1
2422645	5	1	1
2422645	6	1	1
2422645	7	1	1
2422645	8	1	1
2422645	9	0	1
2422731	1	1	1
2422731	2	1	1
2422731	3	1	1
2422731	4	1	1
2422731	5	1	1
2422731	6	1	1
2422731	7	1	1
2422731	8	1	1
2422736	1	1	1
2422736	2	1	1
2422739	1	1	1
2422739	2	1	1
2422740	1	1	1
2422740	2	1	1
2422740	3	1	1
2422740	4	1	1
2422740	5	1	1
2422740	6	1	1
2422740	7	1	1
2422740	8	1	1
2422740	9	1	1
2422740	10	1	1
2422740	11	1	1
2422740	12	0	1
2422852	2	1	1
2422852	3	0	1
2422904	1	1	1
2422904	2	1	1
2422906	2	0	1
2430119	1	1	1
2430119	2	1	1
2430119	3	1	1
2430119	4	1	1
2430119	5	0	1
2430119	7	1	1
2430323	1	1	1
2430323	2	1	1
2430323	3	1	1
2430323	4	1	1
2430323	5	1	1
2430323	6	1	1
2430323	7	1	1
2430323	8	1	1
2430323	9	1	1
2430323	10	1	1
2430367	2	0	1
2430368	1	0	1
2430407	1	1	1
2430407	2	1	1
2430440	1	1	1
2430440	2	1	1
2430474	1	0	1
2430474	3	0	1
2430536	1	1	1
2430536	2	1	1
2430536	3	1	1
2430536	4	1	1
2430536	5	1	1
2430553	2	1	1
2430553	3	0	1
2430707	1	1	1
2430707	2	1	1
2430707	3	1	1
2430707	4	1	1
2430760	1	1	1
2430760	2	1	1
2430760	3	1	1
2430760	4	1	1
2440122	1	1	1
2440122	2	1	1
2440122	3	1	1
2440122	4	1	1
2440122	5	1	1
2440122	6	1	1
2440122	7	1	1
2440122	8	1	1
2440122	9	1	1
2440263	1	1	1
2440263	2	1	1
2450144	1	0	1
2450149	1	1	1
2450149	2	1	1
2460140	1	1	1
2460140	2	1	1
2460140	3	1	1
2460160	1	1	1
2460160	2	1	1
2470121	1	1	1
2470121	2	1	1
2470121	3	1	1
2470121	4	1	1
2470121	5	1	1
2470121	6	1	1
2470121	7	1	1
1470433	2	1	0
1470647	1	1	0
1470801	6	1	0
1470946	10	1	0
1471353	1	1	0
1480246	1	1	0
1480709	3	1	0
1480763	2	1	0
1480924	2	1	0
1481407	1	1	0
1482042	1	1	0
1482257	1	1	0
1482852	2	1	0
1483021	1	1	0
1483026	1	1	0
1483243	5	1	0
1483607	2	1	0
1484172	2	1	0
1484250	1	1	0
1490122	1	1	0
1490321	1	1	0
1490325	2	1	0
1490752	1	1	0
1491054	1	1	0
1491068	1	1	0
1491201	1	1	0
1491417	1	1	0
1491464	3	1	0
1491474	1	1	0
1491702	1	1	0
1491705	2	1	0
1492421	1	1	0
1492427	2	1	0
1492670	1	1	0
1500234	1	1	0
1500235	2	1	0
1500273	8	1	0
1500438	3	1	0
1500629	3	1	0
1501331	2	1	0
1501343	1	1	0
1501373	1	1	0
1501670	6	1	0
1501865	1	1	0
1501874	5	1	0
1502011	3	1	0
1502139	1	1	0
1502141	1	1	0
1502217	1	1	0
1502221	5	1	0
1502328	1	1	0
1502330	1	1	0
1502331	3	1	0
1502845	6	1	0
1502863	3	1	0
1502924	3	1	0
1502935	1	1	0
1502940	2	1	0
1503108	2	1	0
1503108	4	1	0
1510128	1	1	0
1510575	1	1	0
1511838	1	1	0
1512048	1	1	0
1512422	1	1	0
1512617	2	1	0
1512923	2	1	0
1513021	5	1	0
1513021	7	1	0
1513124	2	1	0
2011230	1	1	0
2011254	1	1	0
2020165	2	1	0
2020272	5	1	0
2020364	3	1	0
2020866	1	1	0
2021342	4	1	0
2021557	1	1	0
2021569	1	1	0
2021726	1	1	0
2021752	2	1	0
2030270	1	1	0
2030434	1	1	0
2030541	2	1	0
2030866	2	1	0
2040252	1	1	0
2040371	1	1	0
2040474	2	1	0
2040517	1	1	0
2040624	2	1	0
2041143	1	1	0
2041468	2	1	0
2041824	1	1	0
2050167	1	1	0
2050544	1	1	0
2050557	6	1	0
2050856	1	1	0
2060146	1	1	0
2060149	3	1	0
2060162	1	1	0
2060538	6	1	0
2060571	1	1	0
2060671	2	1	0
2070217	2	1	0
2070223	5	1	0
2070243	1	1	0
2070244	2	1	0
2070359	11	1	0
2070454	4	1	0
2070512	1	1	0
2080330	1	1	0
2081139	1	1	0
2081367	8	1	0
2081546	1	1	0
2091008	1	1	0
2091008	4	1	0
2091010	6	1	0
2091128	1	1	0
2091319	1	1	0
2091625	1	1	0
2091626	1	1	0
2091821	4	1	0
2091832	6	1	0
2091902	1	1	0
2091920	1	1	0
2091935	2	1	0
2092019	7	1	0
2092026	3	1	0
2092035	1	1	0
2092357	1	1	0
2092767	1	1	0
2092819	2	1	0
2092933	2	1	0
2093250	1	1	0
2093250	3	1	0
2093519	1	1	0
2093644	1	1	0
2093708	3	1	0
2094168	6	1	0
2094359	1	1	0
2094519	3	1	0
2094519	5	1	0
2094641	1	1	0
2094804	1	1	0
2094820	1	1	0
2094834	2	1	0
2094860	1	1	0
2094864	2	1	0
2094912	2	1	0
2094951	2	1	0
2094951	4	1	0
2095008	1	1	0
2100411	1	1	0
2100855	1	1	0
2101336	1	1	0
2102324	2	1	0
2102348	2	1	0
2102374	2	1	0
2102374	4	1	0
2102426	4	1	0
2102527	2	1	0
2102637	1	1	0
2102809	1	1	0
2102826	1	1	0
2102874	1	1	0
2103312	1	1	0
2103358	1	1	0
2103361	2	1	0
2103373	1	1	0
2103551	10	1	0
2103556	4	1	0
2103614	2	1	0
2110266	2	1	0
2110365	1	1	0
2110422	3	1	0
2110424	5	1	0
2110715	2	1	0
2110873	2	1	0
2111463	2	1	0
2111469	1	1	0
2111525	1	1	0
2111544	2	1	0
2111660	4	1	0
2112315	1	1	0
2112359	1	1	0
2112362	1	1	0
2112562	2	1	0
2112666	2	1	0
2112674	2	1	0
2112709	1	1	0
2112811	2	1	0
2112841	3	1	0
2112845	2	1	0
2112945	2	1	0
2113308	1	1	0
2113333	1	1	0
2113920	1	1	0
2113943	3	1	0
2114652	1	1	0
2120211	1	1	0
2120324	1	1	0
2120419	1	1	0
2121170	1	1	0
2121231	2	1	0
2121339	2	1	0
2121411	2	1	0
2121772	3	1	0
2121804	2	1	0
2121804	9	1	0
2122108	1	1	0
2122108	3	1	0
2130219	1	1	0
2130233	2	1	0
2130538	2	1	0
2130556	1	1	0
2130708	2	1	0
2131321	1	1	0
2140163	5	1	0
2140221	2	1	0
2140248	1	1	0
2140248	8	1	0
2140815	3	1	0
2141848	1	1	0
2141848	5	1	0
2141905	2	1	0
2141933	2	1	0
2142369	1	1	0
2142607	2	1	0
2142661	1	1	0
2142661	3	1	0
2142821	1	1	0
2143110	1	1	0
2150146	2	1	0
2150146	4	1	0
2150146	6	1	0
2150242	1	1	0
2150258	2	1	0
2150635	2	1	0
2150818	5	1	0
2150904	1	1	0
2151032	3	1	0
2151537	1	1	0
2151618	1	1	0
2151749	1	1	0
2152156	1	1	0
2152221	1	1	0
2152310	2	1	0
2152503	1	1	0
2160148	1	1	0
2160233	3	1	0
2160742	1	1	0
2160804	1	1	0
2160826	2	1	0
2161006	8	1	0
2161021	4	1	0
2161105	1	1	0
2161167	2	1	0
2161209	1	1	0
2161810	3	1	0
2161811	2	1	0
2161820	2	1	0
2161934	1	1	0
2161936	1	1	0
2162272	1	1	0
2162538	1	1	0
2170626	1	1	0
2170831	2	1	0
2170974	3	1	0
2171161	1	1	0
2171306	2	1	0
2171707	4	1	0
2171750	1	1	0
2171931	1	1	0
2171962	1	1	0
2172203	7	1	0
2172232	2	1	0
2172302	2	1	0
2172440	4	1	0
2172454	1	1	0
2172665	1	1	0
2173002	5	1	0
2173105	1	1	0
2173205	1	1	0
2173373	2	1	0
2173565	1	1	0
2173816	1	1	0
2180270	4	1	0
2180353	2	1	0
2180425	1	1	0
2200470	1	1	0
2210433	2	1	0
2210473	2	1	0
2210874	3	1	0
2211216	2	1	0
2211557	2	1	0
2220110	2	1	0
2220243	3	1	0
2220243	6	1	0
2220252	1	1	0
2220253	1	1	0
2221436	2	1	0
2221620	2	1	0
2221708	1	1	0
2221933	5	1	0
2222147	6	1	0
2222170	1	1	0
2222204	2	1	0
2222227	2	1	0
2222237	1	1	0
2222268	2	1	0
2222345	5	1	0
2222738	1	1	0
2223022	1	1	0
2223217	2	1	0
2223221	2	1	0
2223520	1	1	0
2223760	2	1	0
2224033	1	1	0
2224127	2	1	0
2224443	2	1	0
2224448	2	1	0
2224448	4	1	0
2224458	2	1	0
2224527	2	1	0
2224612	5	1	0
2230119	2	1	0
2230254	2	1	0
2230317	2	1	0
2230519	1	1	0
2230559	2	1	0
2230565	1	1	0
2231040	8	1	0
2231111	1	1	0
2231925	3	1	0
2232311	2	1	0
2240323	1	1	0
2240404	2	1	0
2240423	1	1	0
2240607	1	1	0
2240753	1	1	0
2240804	2	1	0
2240804	4	1	0
2240823	1	1	0
2241125	1	1	0
2241166	1	1	0
2241226	2	1	0
2241252	1	1	0
2241267	4	1	0
2241267	6	1	0
2241418	2	1	0
2241437	2	1	0
2241853	1	1	0
2241905	1	1	0
2242452	1	1	0
2242744	1	1	0
2243222	2	1	0
2243302	1	1	0
2243303	2	1	0
2243669	1	1	0
2243770	3	1	0
2243770	5	1	0
2250201	2	1	0
2250725	1	1	0
2251209	1	1	0
2251829	4	1	0
2251942	2	1	0
2251949	2	1	0
2252165	2	1	0
2252366	1	1	0
2252505	1	1	0
2260416	1	1	0
2260549	1	1	0
2260731	1	1	0
2260732	1	1	0
2260928	2	1	0
2261143	1	1	0
2261325	1	1	0
2261410	1	1	0
2270613	1	1	0
2271012	1	1	0
2271021	1	1	0
2271021	4	1	0
2271021	6	1	0
2271341	5	1	0
2271344	1	1	0
2272235	2	1	0
2272459	6	1	0
2272554	2	1	0
2272555	1	1	0
2272561	1	1	0
2272561	3	1	0
2272753	1	1	0
2272772	2	1	0
2272840	1	1	0
2273102	3	1	0
2280121	1	1	0
2280130	1	1	0
2280303	2	1	0
2280366	2	1	0
2280463	1	1	0
2280709	1	1	0
2280730	2	1	0
2280837	10	1	0
2280961	3	1	0
2281075	1	1	0
2281254	3	1	0
2281332	1	1	0
2281334	3	1	0
2281365	8	1	0
2281511	4	1	0
2281619	1	1	0
2281713	3	1	0
2282166	2	1	0
2282322	3	1	0
2291074	1	1	0
2291213	5	1	0
2291435	2	1	0
2291435	5	1	0
2291533	3	1	0
2291868	2	1	0
2291910	3	1	0
2291949	1	1	0
2292344	2	1	0
2292423	1	1	0
2292443	1	1	0
2292452	1	1	0
2310320	1	1	0
2310444	2	1	0
2310514	4	1	0
2330138	1	1	0
2330258	1	1	0
2330518	2	1	0
2330731	3	1	0
2340244	1	1	0
2340275	4	1	0
2340464	1	1	0
2340468	1	1	0
2340553	11	1	0
2340557	2	1	0
2340922	1	1	0
2341373	4	1	0
2350153	2	1	0
2350453	1	1	0
2350672	1	1	0
2351345	2	1	0
2351638	1	1	0
2351672	2	1	0
2352640	2	1	0
2352952	3	1	0
2353016	1	1	0
2353258	1	1	0
2353258	5	1	0
2353336	1	1	0
2353338	2	1	0
2353340	4	1	0
2353419	2	1	0
2353421	1	1	0
2353526	1	1	0
2353526	4	1	0
2353526	6	1	0
2353527	1	1	0
2353622	2	1	0
2353645	1	1	0
2353940	1	1	0
2354252	1	1	0
2354640	1	1	0
2360458	1	1	0
2360917	1	1	0
2361171	2	1	0
2361320	1	1	0
2361675	1	1	0
2361725	4	1	0
2361727	1	1	0
2361828	2	1	0
2361975	2	1	0
2362201	1	1	0
2362503	2	1	0
2362507	1	1	0
2370366	2	1	0
2370366	6	1	0
2370366	8	1	0
2370744	2	1	0
2370932	1	1	0
2371170	1	1	0
2371455	1	1	0
2371614	4	1	0
2371620	3	1	0
2371630	1	1	0
2371734	1	1	0
2371858	4	1	0
2371864	2	1	0
2372551	3	1	0
2372701	1	1	0
2372703	1	1	0
2372706	2	1	0
2372710	2	1	0
2372824	1	1	0
2372828	1	1	0
2372925	1	1	0
2380448	1	1	0
2381460	9	1	0
2381503	3	1	0
2381527	1	1	0
2381527	3	1	0
2390556	6	1	0
2390635	3	1	0
2390704	2	1	0
2390729	1	1	0
2391334	5	1	0
2391402	1	1	0
2391536	1	1	0
2391718	2	1	0
2391829	1	1	0
2400238	2	1	0
2400342	1	1	0
2400451	2	1	0
2400973	2	1	0
2401239	4	1	0
2401266	1	1	0
2401359	1	1	0
2401541	1	1	0
2401607	2	1	0
2410124	2	1	0
2410125	2	1	0
2410244	3	1	0
2410244	5	1	0
2410244	9	1	0
2410752	2	1	0
2410810	1	1	0
2410818	1	1	0
2410832	1	1	0
2411062	3	1	0
2411063	7	1	0
2411270	1	1	0
2411270	4	1	0
2411610	1	1	0
2412034	3	1	0
2412034	8	1	0
2412050	2	1	0
2412232	2	1	0
2412536	2	1	0
2412536	4	1	0
2420101	5	1	0
2420101	9	1	0
2420127	1	1	0
2420211	2	1	0
2420211	5	1	0
2420620	2	1	0
2420654	1	1	0
2420658	2	1	0
2421141	1	1	0
2421541	3	1	0
2421711	5	1	0
2421809	2	1	0
2421911	3	1	0
2422008	1	1	0
2422070	3	1	0
2422309	1	1	0
2422331	2	1	0
2422511	4	1	0
2422561	3	1	0
2422636	1	1	0
2422636	4	1	0
2422852	1	1	0
2422906	1	1	0
2430119	6	1	0
2430367	1	1	0
2430368	7	1	0
2430474	2	1	0
2430474	4	1	0
2430553	1	1	0
2430561	2	1	0
2450144	2	1	0
