aus MiD2008 HH

. tab2 entfernungsklasse_dtl HVM_R if  entfernungsklasse_dtl<=10, row col chi2

-> tabulation of entfernungsklasse_dtl by HVM_R if entfernungsklasse_dtl<=10 

+-------------------+
| Key               |
|-------------------|
|     frequency     |
|  row percentage   |
| column percentage |
+-------------------+

  innerdeutsche |
Entfernungsklas |                        Hauptverkehrsmittel der Reise
            sen |      Auto       Bahn   Reisebus   Flugzeug    Fahrrad     Schiff  sonstiges |     Total
----------------+-----------------------------------------------------------------------------+----------
          <=100 |       301         81          3          0          4          2         17 |       408 
                |     73.77      19.85       0.74       0.00       0.98       0.49       4.17 |    100.00 
                |     11.86       8.61       2.17       0.00      44.44       1.89      25.37 |      9.85 
----------------+-----------------------------------------------------------------------------+----------
  <=200 & > 100 |       630        159          9          0          3         23         10 |       834 
                |     75.54      19.06       1.08       0.00       0.36       2.76       1.20 |    100.00 
                |     24.83      16.90       6.52       0.00      33.33      21.70      14.93 |     20.14 
----------------+-----------------------------------------------------------------------------+----------
  <=300 & > 200 |       494        191         25          5          0         26         14 |       755 
                |     65.43      25.30       3.31       0.66       0.00       3.44       1.85 |    100.00 
                |     19.47      20.30      18.12       1.45       0.00      24.53      20.90 |     18.23 
----------------+-----------------------------------------------------------------------------+----------
  <=400 & > 300 |       393        150         17         14          1          9          5 |       589 
                |     66.72      25.47       2.89       2.38       0.17       1.53       0.85 |    100.00 
                |     15.49      15.94      12.32       4.07      11.11       8.49       7.46 |     14.22 
----------------+-----------------------------------------------------------------------------+----------
  <=500 & > 400 |       250        130         15         53          1         12          1 |       462 
                |     54.11      28.14       3.25      11.47       0.22       2.60       0.22 |    100.00 
                |      9.85      13.82      10.87      15.41      11.11      11.32       1.49 |     11.15 
----------------+-----------------------------------------------------------------------------+----------
  <=600 & > 500 |       138         84         13         36          0          7          7 |       285 
                |     48.42      29.47       4.56      12.63       0.00       2.46       2.46 |    100.00 
                |      5.44       8.93       9.42      10.47       0.00       6.60      10.45 |      6.88 
----------------+-----------------------------------------------------------------------------+----------
  <=700 & > 600 |       101         39         17         44          0          8          4 |       213 
                |     47.42      18.31       7.98      20.66       0.00       3.76       1.88 |    100.00 
                |      3.98       4.14      12.32      12.79       0.00       7.55       5.97 |      5.14 
----------------+-----------------------------------------------------------------------------+----------
  <=800 & > 700 |       109         67         19         91          0          5          6 |       297 
                |     36.70      22.56       6.40      30.64       0.00       1.68       2.02 |    100.00 
                |      4.30       7.12      13.77      26.45       0.00       4.72       8.96 |      7.17 
----------------+-----------------------------------------------------------------------------+----------
  <=900 & > 800 |        58         23          5         22          0          3          1 |       112 
                |     51.79      20.54       4.46      19.64       0.00       2.68       0.89 |    100.00 
                |      2.29       2.44       3.62       6.40       0.00       2.83       1.49 |      2.70 
----------------+-----------------------------------------------------------------------------+----------
 <=1000 & > 900 |        63         17         15         79          0         11          2 |       187 
                |     33.69       9.09       8.02      42.25       0.00       5.88       1.07 |    100.00 
                |      2.48       1.81      10.87      22.97       0.00      10.38       2.99 |      4.51 
----------------+-----------------------------------------------------------------------------+----------
          Total |     2,537        941        138        344          9        106         67 |     4,142 
                |     61.25      22.72       3.33       8.31       0.22       2.56       1.62 |    100.00 
                |    100.00     100.00     100.00     100.00     100.00     100.00     100.00 |    100.00 

         Pearson chi2(54) = 965.4020   Pr = 0.000

.---------------------------------------------------------------

aus fluggastbefragung
. tab2  entfernungsklasse_dtl reisegrund_hrg, col row

-> tabulation of entfernungsklasse_dtl by reisegrund_hrg  

+-------------------+
| Key               |
|-------------------|
|     frequency     |
|  row percentage   |
| column percentage |
+-------------------+

   innerdeutsche |
Entfernungsklass |               Reisegrund_HRG
              en |         1          2          3          4 |     Total
-----------------+--------------------------------------------+----------
   <=200 & > 100 |         2          0          0          0 |         2 
                 |    100.00       0.00       0.00       0.00 |    100.00 
                 |      0.05       0.00       0.00       0.00 |      0.02 
-----------------+--------------------------------------------+----------
   <=300 & > 200 |        34          8          6          2 |        50 
                 |     68.00      16.00      12.00       4.00 |    100.00 
                 |      0.79       0.22       0.27       0.51 |      0.47 
-----------------+--------------------------------------------+----------
   <=400 & > 300 |       636         58        133         22 |       849 
                 |     74.91       6.83      15.67       2.59 |    100.00 
                 |     14.68       1.61       6.04       5.58 |      8.06 
-----------------+--------------------------------------------+----------
   <=500 & > 400 |       691         87        178         24 |       980 
                 |     70.51       8.88      18.16       2.45 |    100.00 
                 |     15.95       2.41       8.09       6.09 |      9.30 
-----------------+--------------------------------------------+----------
   <=600 & > 500 |     1,126        270        498         85 |     1,979 
                 |     56.90      13.64      25.16       4.30 |    100.00 
                 |     26.00       7.48      22.63      21.57 |     18.78 
-----------------+--------------------------------------------+----------
   <=700 & > 600 |       274        175        256         41 |       746 
                 |     36.73      23.46      34.32       5.50 |    100.00 
                 |      6.33       4.84      11.63      10.41 |      7.08 
-----------------+--------------------------------------------+----------
   <=800 & > 700 |       485        318        306         75 |     1,184 
                 |     40.96      26.86      25.84       6.33 |    100.00 
                 |     11.20       8.80      13.90      19.04 |     11.24 
-----------------+--------------------------------------------+----------
   <=900 & > 800 |       164         61         70          9 |       304 
                 |     53.95      20.07      23.03       2.96 |    100.00 
                 |      3.79       1.69       3.18       2.28 |      2.88 
-----------------+--------------------------------------------+----------
  <=1000 & > 900 |        71         81         43          6 |       201 
                 |     35.32      40.30      21.39       2.99 |    100.00 
                 |      1.64       2.24       1.95       1.52 |      1.91 
-----------------+--------------------------------------------+----------
           >1000 |       848      2,554        711        130 |     4,243 
                 |     19.99      60.19      16.76       3.06 |    100.00 
                 |     19.58      70.71      32.30      32.99 |     40.26 
-----------------+--------------------------------------------+----------
           Total |     4,331      3,612      2,201        394 |    10,538 
                 |     41.10      34.28      20.89       3.74 |    100.00 
                 |    100.00     100.00     100.00     100.00 |    100.00 


. 
. tab2  entfernungsklasse_dtl Zuordnung, col row

-> tabulation of entfernungsklasse_dtl by Zuordnung  

+-------------------+
| Key               |
|-------------------|
|     frequency     |
|  row percentage   |
| column percentage |
+-------------------+

   innerdeutsche |
Entfernungsklass |                                    Ortszuordnung nach Chrischi
              en |   Ausland     Bremen    Hamburg  Mecklenbu  Niedersäc  Rest Deut  Schleswig  Sonstiges  Sonstiges |     Total
-----------------+---------------------------------------------------------------------------------------------------+----------
   <=200 & > 100 |         2          0          0          0          0          0          0          0          0 |         2 
                 |    100.00       0.00       0.00       0.00       0.00       0.00       0.00       0.00       0.00 |    100.00 
                 |      0.75       0.00       0.00       0.00       0.00       0.00       0.00       0.00       0.00 |      0.02 
-----------------+---------------------------------------------------------------------------------------------------+----------
   <=300 & > 200 |         3          1         27          0          5          1          6          1          6 |        50 
                 |      6.00       2.00      54.00       0.00      10.00       2.00      12.00       2.00      12.00 |    100.00 
                 |      1.13       0.83       0.49       0.00       0.64       0.85       0.35       0.35       0.40 |      0.47 
-----------------+---------------------------------------------------------------------------------------------------+----------
   <=400 & > 300 |        12          3        546         14         38          5        123          4        104 |       849 
                 |      1.41       0.35      64.31       1.65       4.48       0.59      14.49       0.47      12.25 |    100.00 
                 |      4.51       2.50      10.01       4.93       4.88       4.24       7.14       1.40       6.87 |      8.05 
-----------------+---------------------------------------------------------------------------------------------------+----------
   <=500 & > 400 |        20          4        585         20         63          2        150          6        130 |       980 
                 |      2.04       0.41      59.69       2.04       6.43       0.20      15.31       0.61      13.27 |    100.00 
                 |      7.52       3.33      10.72       7.04       8.10       1.69       8.71       2.11       8.59 |      9.30 
-----------------+---------------------------------------------------------------------------------------------------+----------
   <=600 & > 500 |        33          6      1,199         47        117          2        318         11        246 |     1,979 
                 |      1.67       0.30      60.59       2.37       5.91       0.10      16.07       0.56      12.43 |    100.00 
                 |     12.41       5.00      21.98      16.55      15.04       1.69      18.46       3.86      16.26 |     18.77 
-----------------+---------------------------------------------------------------------------------------------------+----------
   <=700 & > 600 |        13         10        398         25         44          3        128         13        112 |       746 
                 |      1.74       1.34      53.35       3.35       5.90       0.40      17.16       1.74      15.01 |    100.00 
                 |      4.89       8.33       7.30       8.80       5.66       2.54       7.43       4.56       7.40 |      7.08 
-----------------+---------------------------------------------------------------------------------------------------+----------
   <=800 & > 700 |        31         15        646         23        105         13        167         33        151 |     1,184 
                 |      2.62       1.27      54.56       1.94       8.87       1.10      14.10       2.79      12.75 |    100.00 
                 |     11.65      12.50      11.84       8.10      13.50      11.02       9.69      11.58       9.98 |     11.23 
-----------------+---------------------------------------------------------------------------------------------------+----------
   <=900 & > 800 |        10          1        166         10         22          8         47         10         30 |       304 
                 |      3.29       0.33      54.61       3.29       7.24       2.63      15.46       3.29       9.87 |    100.00 
                 |      3.76       0.83       3.04       3.52       2.83       6.78       2.73       3.51       1.98 |      2.88 
-----------------+---------------------------------------------------------------------------------------------------+----------
  <=1000 & > 900 |         4          2        108          5         13          1         26          8         34 |       201 
                 |      1.99       1.00      53.73       2.49       6.47       0.50      12.94       3.98      16.92 |    100.00 
                 |      1.50       1.67       1.98       1.76       1.67       0.85       1.51       2.81       2.25 |      1.91 
-----------------+---------------------------------------------------------------------------------------------------+----------
           >1000 |       138         78      1,780        140        371         83        758        199        700 |     4,247 
                 |      3.25       1.84      41.91       3.30       8.74       1.95      17.85       4.69      16.48 |    100.00 
                 |     51.88      65.00      32.63      49.30      47.69      70.34      43.99      69.82      46.27 |     40.29 
-----------------+---------------------------------------------------------------------------------------------------+----------
           Total |       266        120      5,455        284        778        118      1,723        285      1,513 |    10,542 
                 |      2.52       1.14      51.75       2.69       7.38       1.12      16.34       2.70      14.35 |    100.00 
                 |    100.00     100.00     100.00     100.00     100.00     100.00     100.00     100.00     100.00 |    100.00 


. 
ohne Langstreckenflüge


. tab2  entfernungsklasse_dtl reisegrund_hrg if entfernung<=1000, col row

-> tabulation of entfernungsklasse_dtl by reisegrund_hrg if entfernung<=1000 

+-------------------+
| Key               |
|-------------------|
|     frequency     |
|  row percentage   |
| column percentage |
+-------------------+

   innerdeutsche |
Entfernungsklass |               Reisegrund_HRG
              en |         1          2          3          4 |     Total
-----------------+--------------------------------------------+----------
   <=200 & > 100 |         2          0          0          0 |         2 
                 |    100.00       0.00       0.00       0.00 |    100.00 
                 |      0.06       0.00       0.00       0.00 |      0.03 
-----------------+--------------------------------------------+----------
   <=300 & > 200 |        34          8          6          2 |        50 
                 |     68.00      16.00      12.00       4.00 |    100.00 
                 |      0.98       0.76       0.40       0.76 |      0.79 
-----------------+--------------------------------------------+----------
   <=400 & > 300 |       636         58        133         22 |       849 
                 |     74.91       6.83      15.67       2.59 |    100.00 
                 |     18.26       5.48       8.93       8.33 |     13.49 
-----------------+--------------------------------------------+----------
   <=500 & > 400 |       691         87        178         24 |       980 
                 |     70.51       8.88      18.16       2.45 |    100.00 
                 |     19.84       8.22      11.95       9.09 |     15.57 
-----------------+--------------------------------------------+----------
   <=600 & > 500 |     1,126        270        498         85 |     1,979 
                 |     56.90      13.64      25.16       4.30 |    100.00 
                 |     32.33      25.52      33.42      32.20 |     31.44 
-----------------+--------------------------------------------+----------
   <=700 & > 600 |       274        175        256         41 |       746 
                 |     36.73      23.46      34.32       5.50 |    100.00 
                 |      7.87      16.54      17.18      15.53 |     11.85 
-----------------+--------------------------------------------+----------
   <=800 & > 700 |       485        318        306         75 |     1,184 
                 |     40.96      26.86      25.84       6.33 |    100.00 
                 |     13.92      30.06      20.54      28.41 |     18.81 
-----------------+--------------------------------------------+----------
   <=900 & > 800 |       164         61         70          9 |       304 
                 |     53.95      20.07      23.03       2.96 |    100.00 
                 |      4.71       5.77       4.70       3.41 |      4.83 
-----------------+--------------------------------------------+----------
  <=1000 & > 900 |        71         81         43          6 |       201 
                 |     35.32      40.30      21.39       2.99 |    100.00 
                 |      2.04       7.66       2.89       2.27 |      3.19 
-----------------+--------------------------------------------+----------
           Total |     3,483      1,058      1,490        264 |     6,295 
                 |     55.33      16.81      23.67       4.19 |    100.00 
                 |    100.00     100.00     100.00     100.00 |    100.00

				 
				 . tab2  entfernungsklasse_dtl Zuordnung if entfernung <=1000, col row

-> tabulation of entfernungsklasse_dtl by Zuordnung if entfernung <=1000 

+-------------------+
| Key               |
|-------------------|
|     frequency     |
|  row percentage   |
| column percentage |
+-------------------+

   innerdeutsche |
Entfernungsklass |                                    Ortszuordnung nach Chrischi
              en |   Ausland     Bremen    Hamburg  Mecklenbu  Niedersäc  Rest Deut  Schleswig  Sonstiges  Sonstiges |     Total
-----------------+---------------------------------------------------------------------------------------------------+----------
   <=200 & > 100 |         2          0          0          0          0          0          0          0          0 |         2 
                 |    100.00       0.00       0.00       0.00       0.00       0.00       0.00       0.00       0.00 |    100.00 
                 |      1.56       0.00       0.00       0.00       0.00       0.00       0.00       0.00       0.00 |      0.03 
-----------------+---------------------------------------------------------------------------------------------------+----------
   <=300 & > 200 |         3          1         27          0          5          1          6          1          6 |        50 
                 |      6.00       2.00      54.00       0.00      10.00       2.00      12.00       2.00      12.00 |    100.00 
                 |      2.34       2.38       0.73       0.00       1.23       2.86       0.62       1.16       0.74 |      0.79 
-----------------+---------------------------------------------------------------------------------------------------+----------
   <=400 & > 300 |        12          3        546         14         38          5        123          4        104 |       849 
                 |      1.41       0.35      64.31       1.65       4.48       0.59      14.49       0.47      12.25 |    100.00 
                 |      9.38       7.14      14.86       9.72       9.34      14.29      12.75       4.65      12.79 |     13.49 
-----------------+---------------------------------------------------------------------------------------------------+----------
   <=500 & > 400 |        20          4        585         20         63          2        150          6        130 |       980 
                 |      2.04       0.41      59.69       2.04       6.43       0.20      15.31       0.61      13.27 |    100.00 
                 |     15.63       9.52      15.92      13.89      15.48       5.71      15.54       6.98      15.99 |     15.57 
-----------------+---------------------------------------------------------------------------------------------------+----------
   <=600 & > 500 |        33          6      1,199         47        117          2        318         11        246 |     1,979 
                 |      1.67       0.30      60.59       2.37       5.91       0.10      16.07       0.56      12.43 |    100.00 
                 |     25.78      14.29      32.63      32.64      28.75       5.71      32.95      12.79      30.26 |     31.44 
-----------------+---------------------------------------------------------------------------------------------------+----------
   <=700 & > 600 |        13         10        398         25         44          3        128         13        112 |       746 
                 |      1.74       1.34      53.35       3.35       5.90       0.40      17.16       1.74      15.01 |    100.00 
                 |     10.16      23.81      10.83      17.36      10.81       8.57      13.26      15.12      13.78 |     11.85 
-----------------+---------------------------------------------------------------------------------------------------+----------
   <=800 & > 700 |        31         15        646         23        105         13        167         33        151 |     1,184 
                 |      2.62       1.27      54.56       1.94       8.87       1.10      14.10       2.79      12.75 |    100.00 
                 |     24.22      35.71      17.58      15.97      25.80      37.14      17.31      38.37      18.57 |     18.81 
-----------------+---------------------------------------------------------------------------------------------------+----------
   <=900 & > 800 |        10          1        166         10         22          8         47         10         30 |       304 
                 |      3.29       0.33      54.61       3.29       7.24       2.63      15.46       3.29       9.87 |    100.00 
                 |      7.81       2.38       4.52       6.94       5.41      22.86       4.87      11.63       3.69 |      4.83 
-----------------+---------------------------------------------------------------------------------------------------+----------
  <=1000 & > 900 |         4          2        108          5         13          1         26          8         34 |       201 
                 |      1.99       1.00      53.73       2.49       6.47       0.50      12.94       3.98      16.92 |    100.00 
                 |      3.13       4.76       2.94       3.47       3.19       2.86       2.69       9.30       4.18 |      3.19 
-----------------+---------------------------------------------------------------------------------------------------+----------
           Total |       128         42      3,675        144        407         35        965         86        813 |     6,295 
                 |      2.03       0.67      58.38       2.29       6.47       0.56      15.33       1.37      12.92 |    100.00 
                 |    100.00     100.00     100.00     100.00     100.00     100.00     100.00     100.00     100.00 |    100.00 


. 
